   0.0000000e+00   1.9000000e+01   2.4000000e+01   3.7000000e+01   6.4000000e+01   4.9000000e+01   3.9000000e+01   5.8000000e+01
   1.1379801e-01   1.8000000e+01   2.2000000e+01   3.6000000e+01   6.3000000e+01   4.7000000e+01   3.7000000e+01   5.6000000e+01
   2.2759602e-01   1.7000000e+01   2.1000000e+01   3.6000000e+01   6.1000000e+01   4.6000000e+01   3.5000000e+01   5.4000000e+01
   3.4139403e-01   1.6000000e+01   2.0000000e+01   3.6000000e+01   6.1000000e+01   4.5000000e+01   3.4000000e+01   5.3000000e+01
   4.5519203e-01   1.6000000e+01   1.8000000e+01   3.6000000e+01   6.0000000e+01   4.4000000e+01   3.3000000e+01   5.2000000e+01
   5.6899004e-01   1.6000000e+01   1.7000000e+01   3.6000000e+01   5.9000000e+01   4.3000000e+01   3.2000000e+01   5.1000000e+01
   6.8278805e-01   1.5000000e+01   1.5000000e+01   3.6000000e+01   5.9000000e+01   4.2000000e+01   3.1000000e+01   5.0000000e+01
   7.9658606e-01   1.5000000e+01   1.4000000e+01   3.5000000e+01   5.8000000e+01   4.1000000e+01   3.0000000e+01   4.8000000e+01
   9.1038407e-01   1.5000000e+01   1.4000000e+01   3.5000000e+01   5.8000000e+01   4.0000000e+01   2.9000000e+01   4.7000000e+01
   1.0241821e+00   1.5000000e+01   1.3000000e+01   3.4000000e+01   5.8000000e+01   3.9000000e+01   2.8000000e+01   4.6000000e+01
   1.1379801e+00   1.5000000e+01   1.2000000e+01   3.4000000e+01   5.7000000e+01   3.8000000e+01   2.7000000e+01   4.5000000e+01
   1.2517781e+00   1.5000000e+01   1.2000000e+01   3.3000000e+01   5.6000000e+01   3.8000000e+01   2.6000000e+01   4.4000000e+01
   1.3655761e+00   1.5000000e+01   1.1000000e+01   3.3000000e+01   5.6000000e+01   3.7000000e+01   2.5000000e+01   4.3000000e+01
   1.4793741e+00   1.5000000e+01   1.1000000e+01   3.2000000e+01   5.5000000e+01   3.6000000e+01   2.4000000e+01   4.2000000e+01
   1.5931721e+00   1.6000000e+01   1.0000000e+01   3.2000000e+01   5.4000000e+01   3.5000000e+01   2.4000000e+01   4.1000000e+01
   1.7069701e+00   1.6000000e+01   1.0000000e+01   3.1000000e+01   5.4000000e+01   3.5000000e+01   2.3000000e+01   4.0000000e+01
   1.8207681e+00   1.6000000e+01   9.0000000e+00   3.1000000e+01   5.3000000e+01   3.4000000e+01   2.2000000e+01   3.9000000e+01
   1.9345661e+00   1.7000000e+01   9.0000000e+00   3.0000000e+01   5.2000000e+01   3.3000000e+01   2.2000000e+01   3.9000000e+01
   2.0483642e+00   1.8000000e+01   8.0000000e+00   2.9000000e+01   5.1000000e+01   3.3000000e+01   2.1000000e+01   3.8000000e+01
   2.1621622e+00   1.9000000e+01   8.0000000e+00   2.8000000e+01   5.1000000e+01   3.2000000e+01   2.1000000e+01   3.7000000e+01
   2.2759602e+00   2.0000000e+01   8.0000000e+00   2.7000000e+01   5.0000000e+01   3.2000000e+01   2.1000000e+01   3.7000000e+01
   2.3897582e+00   2.1000000e+01   7.0000000e+00   2.6000000e+01   4.9000000e+01   3.1000000e+01   2.0000000e+01   3.6000000e+01
   2.5035562e+00   2.2000000e+01   7.0000000e+00   2.5000000e+01   4.9000000e+01   3.1000000e+01   2.0000000e+01   3.5000000e+01
   2.6173542e+00   2.4000000e+01   7.0000000e+00   2.4000000e+01   4.8000000e+01   3.1000000e+01   2.0000000e+01   3.5000000e+01
   2.7311522e+00   2.5000000e+01   7.0000000e+00   2.3000000e+01   4.7000000e+01   3.0000000e+01   1.9000000e+01   3.4000000e+01
   2.8449502e+00   2.6000000e+01   7.0000000e+00   2.2000000e+01   4.7000000e+01   3.0000000e+01   1.9000000e+01   3.4000000e+01
   2.9587482e+00   2.7000000e+01   7.0000000e+00   2.1000000e+01   4.6000000e+01   2.9000000e+01   2.0000000e+01   3.4000000e+01
   3.0725462e+00   2.7000000e+01   7.0000000e+00   2.1000000e+01   4.5000000e+01   2.9000000e+01   2.0000000e+01   3.3000000e+01
   3.1863442e+00   2.7000000e+01   7.0000000e+00   2.0000000e+01   4.4000000e+01   2.9000000e+01   2.0000000e+01   3.3000000e+01
   3.3001422e+00   2.6000000e+01   8.0000000e+00   1.9000000e+01   4.3000000e+01   2.8000000e+01   2.0000000e+01   3.3000000e+01
   3.4139403e+00   2.6000000e+01   8.0000000e+00   1.8000000e+01   4.3000000e+01   2.8000000e+01   2.0000000e+01   3.3000000e+01
   3.5277383e+00   2.5000000e+01   8.0000000e+00   1.7000000e+01   4.2000000e+01   2.8000000e+01   2.0000000e+01   3.2000000e+01
   3.6415363e+00   2.4000000e+01   9.0000000e+00   1.6000000e+01   4.0000000e+01   2.7000000e+01   2.1000000e+01   3.2000000e+01
   3.7553343e+00   2.4000000e+01   9.0000000e+00   1.5000000e+01   3.9000000e+01   2.6000000e+01   2.0000000e+01   3.2000000e+01
   3.8691323e+00   2.3000000e+01   9.0000000e+00   1.4000000e+01   3.8000000e+01   2.5000000e+01   2.0000000e+01   3.2000000e+01
   3.9829303e+00   2.2000000e+01   1.0000000e+01   1.3000000e+01   3.7000000e+01   2.4000000e+01   1.9000000e+01   3.1000000e+01
   4.0967283e+00   2.1000000e+01   1.0000000e+01   1.2000000e+01   3.7000000e+01   2.4000000e+01   1.8000000e+01   3.1000000e+01
   4.2105263e+00   2.0000000e+01   1.1000000e+01   1.1000000e+01   3.7000000e+01   2.3000000e+01   1.8000000e+01   3.1000000e+01
   4.3243243e+00   2.0000000e+01   1.1000000e+01   1.1000000e+01   3.6000000e+01   2.3000000e+01   1.8000000e+01   3.1000000e+01
   4.4381223e+00   1.9000000e+01   1.2000000e+01   1.0000000e+01   3.6000000e+01   2.3000000e+01   1.7000000e+01   3.1000000e+01
   4.5519203e+00   1.9000000e+01   1.2000000e+01   9.0000000e+00   3.5000000e+01   2.3000000e+01   1.7000000e+01   3.1000000e+01
   4.6657183e+00   1.8000000e+01   1.2000000e+01   9.0000000e+00   3.5000000e+01   2.3000000e+01   1.7000000e+01   3.1000000e+01
   4.7795164e+00   1.8000000e+01   1.3000000e+01   9.0000000e+00   3.4000000e+01   2.3000000e+01   1.8000000e+01   3.1000000e+01
   4.8933144e+00   1.8000000e+01   1.3000000e+01   8.0000000e+00   3.3000000e+01   2.4000000e+01   1.8000000e+01   3.2000000e+01
   5.0071124e+00   1.7000000e+01   1.3000000e+01   8.0000000e+00   3.2000000e+01   2.4000000e+01   1.9000000e+01   3.2000000e+01
   5.1209104e+00   1.7000000e+01   1.3000000e+01   8.0000000e+00   3.1000000e+01   2.5000000e+01   1.9000000e+01   3.2000000e+01
   5.2347084e+00   1.7000000e+01   1.2000000e+01   7.0000000e+00   3.0000000e+01   2.5000000e+01   1.9000000e+01   3.2000000e+01
   5.3485064e+00   1.7000000e+01   1.2000000e+01   7.0000000e+00   2.9000000e+01   2.4000000e+01   1.9000000e+01   3.2000000e+01
   5.4623044e+00   1.7000000e+01   1.2000000e+01   7.0000000e+00   2.8000000e+01   2.3000000e+01   1.8000000e+01   3.2000000e+01
   5.5761024e+00   1.7000000e+01   1.2000000e+01   6.0000000e+00   2.8000000e+01   2.3000000e+01   1.7000000e+01   3.2000000e+01
   5.6899004e+00   1.8000000e+01   1.2000000e+01   6.0000000e+00   2.7000000e+01   2.2000000e+01   1.7000000e+01   3.2000000e+01
   5.8036984e+00   1.7000000e+01   1.2000000e+01   6.0000000e+00   2.6000000e+01   2.1000000e+01   1.6000000e+01   3.2000000e+01
   5.9174964e+00   1.7000000e+01   1.1000000e+01   6.0000000e+00   2.5000000e+01   2.1000000e+01   1.6000000e+01   3.1000000e+01
   6.0312945e+00   1.7000000e+01   1.1000000e+01   5.0000000e+00   2.4000000e+01   2.0000000e+01   1.5000000e+01   3.1000000e+01
   6.1450925e+00   1.6000000e+01   1.0000000e+01   5.0000000e+00   2.3000000e+01   1.9000000e+01   1.5000000e+01   3.1000000e+01
   6.2588905e+00   1.5000000e+01   9.0000000e+00   5.0000000e+00   2.2000000e+01   1.9000000e+01   1.5000000e+01   3.1000000e+01
   6.3726885e+00   1.5000000e+01   9.0000000e+00   5.0000000e+00   2.1000000e+01   1.8000000e+01   1.4000000e+01   3.0000000e+01
   6.4864865e+00   1.4000000e+01   8.0000000e+00   5.0000000e+00   2.0000000e+01   1.8000000e+01   1.3000000e+01   3.0000000e+01
   6.6002845e+00   1.4000000e+01   7.0000000e+00   5.0000000e+00   1.9000000e+01   1.6000000e+01   1.2000000e+01   3.0000000e+01
   6.7140825e+00   1.3000000e+01   7.0000000e+00   5.0000000e+00   1.8000000e+01   1.5000000e+01   1.1000000e+01   3.0000000e+01
   6.8278805e+00   1.3000000e+01   6.0000000e+00   5.0000000e+00   1.7000000e+01   1.4000000e+01   1.1000000e+01   3.0000000e+01
   6.9416785e+00   1.3000000e+01   6.0000000e+00   5.0000000e+00   1.7000000e+01   1.3000000e+01   1.0000000e+01   3.0000000e+01
   7.0554765e+00   1.3000000e+01   5.0000000e+00   6.0000000e+00   1.6000000e+01   1.3000000e+01   9.0000000e+00   2.9000000e+01
   7.1692745e+00   1.3000000e+01   5.0000000e+00   6.0000000e+00   1.5000000e+01   1.3000000e+01   8.0000000e+00   2.9000000e+01
   7.2830725e+00   1.3000000e+01   4.0000000e+00   6.0000000e+00   1.4000000e+01   1.2000000e+01   7.0000000e+00   2.9000000e+01
   7.3968706e+00   1.3000000e+01   4.0000000e+00   7.0000000e+00   1.3000000e+01   1.2000000e+01   6.0000000e+00   2.9000000e+01
   7.5106686e+00   1.3000000e+01   4.0000000e+00   7.0000000e+00   1.3000000e+01   1.1000000e+01   5.0000000e+00   2.8000000e+01
   7.6244666e+00   1.3000000e+01   4.0000000e+00   8.0000000e+00   1.2000000e+01   1.0000000e+01   5.0000000e+00   2.7000000e+01
   7.7382646e+00   1.3000000e+01   4.0000000e+00   8.0000000e+00   1.1000000e+01   9.0000000e+00   5.0000000e+00   2.7000000e+01
   7.8520626e+00   1.3000000e+01   3.0000000e+00   9.0000000e+00   1.1000000e+01   9.0000000e+00   5.0000000e+00   2.6000000e+01
   7.9658606e+00   1.3000000e+01   3.0000000e+00   9.0000000e+00   1.0000000e+01   8.0000000e+00   4.0000000e+00   2.6000000e+01
   8.0796586e+00   1.3000000e+01   3.0000000e+00   1.0000000e+01   9.0000000e+00   7.0000000e+00   3.0000000e+00   2.5000000e+01
   8.1934566e+00   1.3000000e+01   2.0000000e+00   1.0000000e+01   9.0000000e+00   7.0000000e+00   3.0000000e+00   2.5000000e+01
   8.3072546e+00   1.3000000e+01   2.0000000e+00   1.0000000e+01   8.0000000e+00   6.0000000e+00   2.0000000e+00   2.4000000e+01
   8.4210526e+00   1.3000000e+01   2.0000000e+00   1.1000000e+01   8.0000000e+00   5.0000000e+00   2.0000000e+00   2.3000000e+01
   8.5348506e+00   1.3000000e+01   2.0000000e+00   1.1000000e+01   7.0000000e+00   5.0000000e+00   2.0000000e+00   2.3000000e+01
   8.6486486e+00   1.2000000e+01   2.0000000e+00   1.1000000e+01   7.0000000e+00   4.0000000e+00   1.0000000e+00   2.3000000e+01
   8.7624467e+00   1.2000000e+01   2.0000000e+00   1.2000000e+01   7.0000000e+00   4.0000000e+00   1.0000000e+00   2.2000000e+01
   8.8762447e+00   1.2000000e+01   2.0000000e+00   1.2000000e+01   6.0000000e+00   3.0000000e+00   1.0000000e+00   2.2000000e+01
   8.9900427e+00   1.1000000e+01   2.0000000e+00   1.3000000e+01   6.0000000e+00   3.0000000e+00   1.0000000e+00   2.1000000e+01
   9.1038407e+00   1.1000000e+01   2.0000000e+00   1.3000000e+01   6.0000000e+00   3.0000000e+00   1.0000000e+00   2.1000000e+01
   9.2176387e+00   1.1000000e+01   2.0000000e+00   1.4000000e+01   6.0000000e+00   3.0000000e+00   1.0000000e+00   2.0000000e+01
   9.3314367e+00   1.0000000e+01   3.0000000e+00   1.4000000e+01   6.0000000e+00   3.0000000e+00   1.0000000e+00   2.0000000e+01
   9.4452347e+00   1.0000000e+01   3.0000000e+00   1.4000000e+01   6.0000000e+00   4.0000000e+00   1.0000000e+00   2.0000000e+01
   9.5590327e+00   1.0000000e+01   4.0000000e+00   1.5000000e+01   5.0000000e+00   4.0000000e+00   1.0000000e+00   1.9000000e+01
   9.6728307e+00   1.0000000e+01   4.0000000e+00   1.5000000e+01   5.0000000e+00   4.0000000e+00   1.0000000e+00   1.9000000e+01
   9.7866287e+00   1.0000000e+01   4.0000000e+00   1.5000000e+01   6.0000000e+00   4.0000000e+00   1.0000000e+00   1.9000000e+01
   9.9004267e+00   1.0000000e+01   4.0000000e+00   1.5000000e+01   6.0000000e+00   5.0000000e+00   1.0000000e+00   1.8000000e+01
   1.0014225e+01   1.0000000e+01   5.0000000e+00   1.5000000e+01   6.0000000e+00   5.0000000e+00   1.0000000e+00   1.8000000e+01
   1.0128023e+01   1.0000000e+01   6.0000000e+00   1.5000000e+01   6.0000000e+00   6.0000000e+00   1.0000000e+00   1.8000000e+01
   1.0241821e+01   1.0000000e+01   6.0000000e+00   1.5000000e+01   7.0000000e+00   7.0000000e+00   1.0000000e+00   1.8000000e+01
   1.0355619e+01   1.0000000e+01   6.0000000e+00   1.5000000e+01   7.0000000e+00   8.0000000e+00   2.0000000e+00   1.8000000e+01
   1.0469417e+01   1.1000000e+01   7.0000000e+00   1.5000000e+01   7.0000000e+00   9.0000000e+00   3.0000000e+00   1.8000000e+01
   1.0583215e+01   1.1000000e+01   7.0000000e+00   1.5000000e+01   8.0000000e+00   1.0000000e+01   4.0000000e+00   1.8000000e+01
   1.0697013e+01   1.2000000e+01   8.0000000e+00   1.5000000e+01   8.0000000e+00   1.1000000e+01   4.0000000e+00   1.8000000e+01
   1.0810811e+01   1.2000000e+01   9.0000000e+00   1.5000000e+01   9.0000000e+00   1.2000000e+01   5.0000000e+00   1.8000000e+01
   1.0924609e+01   1.3000000e+01   9.0000000e+00   1.5000000e+01   1.0000000e+01   1.3000000e+01   6.0000000e+00   1.8000000e+01
   1.1038407e+01   1.3000000e+01   1.0000000e+01   1.5000000e+01   1.0000000e+01   1.4000000e+01   6.0000000e+00   1.8000000e+01
   1.1152205e+01   1.4000000e+01   1.1000000e+01   1.5000000e+01   1.1000000e+01   1.5000000e+01   7.0000000e+00   1.8000000e+01
   1.1266003e+01   1.5000000e+01   1.1000000e+01   1.4000000e+01   1.2000000e+01   1.6000000e+01   8.0000000e+00   1.8000000e+01
   1.1379801e+01   1.6000000e+01   1.2000000e+01   1.4000000e+01   1.2000000e+01   1.7000000e+01   9.0000000e+00   1.9000000e+01
   1.1493599e+01   1.7000000e+01   1.2000000e+01   1.4000000e+01   1.3000000e+01   1.8000000e+01   1.0000000e+01   1.9000000e+01
   1.1607397e+01   1.7000000e+01   1.3000000e+01   1.4000000e+01   1.4000000e+01   2.0000000e+01   1.1000000e+01   1.9000000e+01
   1.1721195e+01   1.8000000e+01   1.3000000e+01   1.4000000e+01   1.4000000e+01   2.1000000e+01   1.2000000e+01   2.0000000e+01
   1.1834993e+01   1.9000000e+01   1.4000000e+01   1.3000000e+01   1.5000000e+01   2.3000000e+01   1.3000000e+01   2.0000000e+01
   1.1948791e+01   1.9000000e+01   1.5000000e+01   1.3000000e+01   1.6000000e+01   2.4000000e+01   1.4000000e+01   2.1000000e+01
   1.2062589e+01   2.0000000e+01   1.5000000e+01   1.3000000e+01   1.7000000e+01   2.5000000e+01   1.5000000e+01   2.2000000e+01
   1.2176387e+01   2.0000000e+01   1.6000000e+01   1.3000000e+01   1.8000000e+01   2.7000000e+01   1.6000000e+01   2.2000000e+01
   1.2290185e+01   2.1000000e+01   1.6000000e+01   1.3000000e+01   1.8000000e+01   2.8000000e+01   1.7000000e+01   2.3000000e+01
   1.2403983e+01   2.1000000e+01   1.6000000e+01   1.3000000e+01   1.9000000e+01   2.9000000e+01   1.9000000e+01   2.4000000e+01
   1.2517781e+01   2.2000000e+01   1.6000000e+01   1.2000000e+01   2.0000000e+01   3.0000000e+01   2.0000000e+01   2.5000000e+01
   1.2631579e+01   2.2000000e+01   1.6000000e+01   1.2000000e+01   2.1000000e+01   3.1000000e+01   2.1000000e+01   2.5000000e+01
   1.2745377e+01   2.3000000e+01   1.7000000e+01   1.2000000e+01   2.2000000e+01   3.2000000e+01   2.3000000e+01   2.6000000e+01
   1.2859175e+01   2.3000000e+01   1.7000000e+01   1.2000000e+01   2.3000000e+01   3.3000000e+01   2.4000000e+01   2.7000000e+01
   1.2972973e+01   2.4000000e+01   1.7000000e+01   1.2000000e+01   2.4000000e+01   3.3000000e+01   2.5000000e+01   2.8000000e+01
   1.3086771e+01   2.5000000e+01   1.7000000e+01   1.3000000e+01   2.5000000e+01   3.3000000e+01   2.5000000e+01   2.9000000e+01
   1.3200569e+01   2.5000000e+01   1.7000000e+01   1.3000000e+01   2.6000000e+01   3.3000000e+01   2.6000000e+01   3.0000000e+01
   1.3314367e+01   2.6000000e+01   1.7000000e+01   1.3000000e+01   2.7000000e+01   3.3000000e+01   2.7000000e+01   3.1000000e+01
   1.3428165e+01   2.7000000e+01   1.7000000e+01   1.3000000e+01   2.8000000e+01   3.3000000e+01   2.8000000e+01   3.3000000e+01
   1.3541963e+01   2.7000000e+01   1.6000000e+01   1.3000000e+01   2.8000000e+01   3.4000000e+01   2.9000000e+01   3.4000000e+01
   1.3655761e+01   2.8000000e+01   1.6000000e+01   1.3000000e+01   2.9000000e+01   3.4000000e+01   3.0000000e+01   3.5000000e+01
   1.3769559e+01   2.9000000e+01   1.6000000e+01   1.4000000e+01   3.0000000e+01   3.5000000e+01   3.1000000e+01   3.7000000e+01
   1.3883357e+01   3.1000000e+01   1.6000000e+01   1.4000000e+01   3.0000000e+01   3.6000000e+01   3.2000000e+01   3.8000000e+01
   1.3997155e+01   3.1000000e+01   1.5000000e+01   1.4000000e+01   3.1000000e+01   3.7000000e+01   3.3000000e+01   3.9000000e+01
   1.4110953e+01   3.1000000e+01   1.5000000e+01   1.4000000e+01   3.2000000e+01   3.7000000e+01   3.3000000e+01   4.0000000e+01
   1.4224751e+01   3.0000000e+01   1.4000000e+01   1.4000000e+01   3.2000000e+01   3.6000000e+01   3.4000000e+01   4.2000000e+01
   1.4338549e+01   2.9000000e+01   1.4000000e+01   1.5000000e+01   3.3000000e+01   3.6000000e+01   3.5000000e+01   4.4000000e+01
   1.4452347e+01   2.8000000e+01   1.3000000e+01   1.5000000e+01   3.3000000e+01   3.6000000e+01   3.5000000e+01   4.5000000e+01
   1.4566145e+01   2.7000000e+01   1.3000000e+01   1.5000000e+01   3.3000000e+01   3.6000000e+01   3.6000000e+01   4.6000000e+01
   1.4679943e+01   2.7000000e+01   1.2000000e+01   1.6000000e+01   3.3000000e+01   3.7000000e+01   3.6000000e+01   4.7000000e+01
   1.4793741e+01   2.6000000e+01   1.2000000e+01   1.6000000e+01   3.3000000e+01   3.7000000e+01   3.7000000e+01   4.9000000e+01
   1.4907539e+01   2.5000000e+01   1.1000000e+01   1.7000000e+01   3.3000000e+01   3.6000000e+01   3.7000000e+01   5.0000000e+01
   1.5021337e+01   2.4000000e+01   1.0000000e+01   1.7000000e+01   3.3000000e+01   3.6000000e+01   3.7000000e+01   5.1000000e+01
   1.5135135e+01   2.3000000e+01   9.0000000e+00   1.7000000e+01   3.3000000e+01   3.6000000e+01   3.7000000e+01   5.2000000e+01
   1.5248933e+01   2.2000000e+01   9.0000000e+00   1.7000000e+01   3.3000000e+01   3.6000000e+01   3.7000000e+01   5.3000000e+01
   1.5362731e+01   2.1000000e+01   9.0000000e+00   1.7000000e+01   3.3000000e+01   3.7000000e+01   3.7000000e+01   5.4000000e+01
   1.5476529e+01   2.0000000e+01   8.0000000e+00   1.8000000e+01   3.3000000e+01   3.7000000e+01   3.8000000e+01   5.5000000e+01
   1.5590327e+01   1.9000000e+01   8.0000000e+00   1.8000000e+01   3.2000000e+01   3.8000000e+01   3.8000000e+01   5.6000000e+01
   1.5704125e+01   1.9000000e+01   8.0000000e+00   1.8000000e+01   3.2000000e+01   3.9000000e+01   3.9000000e+01   5.6000000e+01
   1.5817923e+01   1.8000000e+01   7.0000000e+00   1.8000000e+01   3.2000000e+01   3.9000000e+01   4.0000000e+01   5.7000000e+01
   1.5931721e+01   1.7000000e+01   6.0000000e+00   1.9000000e+01   3.1000000e+01   3.9000000e+01   4.0000000e+01   5.8000000e+01
   1.6045519e+01   1.6000000e+01   6.0000000e+00   1.9000000e+01   3.1000000e+01   3.9000000e+01   4.0000000e+01   5.9000000e+01
   1.6159317e+01   1.6000000e+01   6.0000000e+00   2.0000000e+01   3.1000000e+01   3.9000000e+01   4.0000000e+01   6.0000000e+01
   1.6273115e+01   1.5000000e+01   5.0000000e+00   2.1000000e+01   3.0000000e+01   3.9000000e+01   4.0000000e+01   6.0000000e+01
   1.6386913e+01   1.4000000e+01   5.0000000e+00   2.1000000e+01   3.0000000e+01   3.9000000e+01   4.0000000e+01   6.0000000e+01
   1.6500711e+01   1.3000000e+01   5.0000000e+00   2.2000000e+01   3.0000000e+01   3.8000000e+01   3.9000000e+01   6.0000000e+01
   1.6614509e+01   1.3000000e+01   4.0000000e+00   2.2000000e+01   2.9000000e+01   3.8000000e+01   3.9000000e+01   6.1000000e+01
   1.6728307e+01   1.2000000e+01   4.0000000e+00   2.3000000e+01   2.9000000e+01   3.8000000e+01   3.9000000e+01   6.1000000e+01
   1.6842105e+01   1.2000000e+01   3.0000000e+00   2.3000000e+01   2.9000000e+01   3.8000000e+01   3.9000000e+01   6.1000000e+01
   1.6955903e+01   1.1000000e+01   3.0000000e+00   2.4000000e+01   2.9000000e+01   3.9000000e+01   3.9000000e+01   6.1000000e+01
   1.7069701e+01   1.1000000e+01   2.0000000e+00   2.4000000e+01   2.9000000e+01   3.9000000e+01   3.9000000e+01   6.1000000e+01
   1.7183499e+01   1.1000000e+01   2.0000000e+00   2.5000000e+01   2.8000000e+01   3.8000000e+01   3.9000000e+01   6.0000000e+01
   1.7297297e+01   1.1000000e+01   2.0000000e+00   2.6000000e+01   2.8000000e+01   3.8000000e+01   3.9000000e+01   6.0000000e+01
   1.7411095e+01   1.1000000e+01   1.0000000e+00   2.6000000e+01   2.8000000e+01   3.8000000e+01   3.9000000e+01   6.1000000e+01
   1.7524893e+01   1.1000000e+01   1.0000000e+00   2.5000000e+01   2.7000000e+01   3.9000000e+01   3.9000000e+01   6.1000000e+01
   1.7638691e+01   1.1000000e+01   1.0000000e+00   2.5000000e+01   2.7000000e+01   3.9000000e+01   3.9000000e+01   6.1000000e+01
   1.7752489e+01   1.2000000e+01   1.0000000e+00   2.5000000e+01   2.7000000e+01   3.9000000e+01   3.9000000e+01   6.0000000e+01
   1.7866287e+01   1.2000000e+01   1.0000000e+00   2.5000000e+01   2.7000000e+01   4.0000000e+01   3.9000000e+01   6.0000000e+01
   1.7980085e+01   1.2000000e+01   1.0000000e+00   2.5000000e+01   2.7000000e+01   3.9000000e+01   3.9000000e+01   6.0000000e+01
   1.8093883e+01   1.3000000e+01   1.0000000e+00   2.6000000e+01   2.7000000e+01   3.9000000e+01   4.0000000e+01   6.0000000e+01
   1.8207681e+01   1.4000000e+01   1.0000000e+00   2.6000000e+01   2.7000000e+01   3.9000000e+01   4.0000000e+01   6.0000000e+01
   1.8321479e+01   1.4000000e+01   1.0000000e+00   2.5000000e+01   2.7000000e+01   3.9000000e+01   4.0000000e+01   5.9000000e+01
   1.8435277e+01   1.5000000e+01   1.0000000e+00   2.5000000e+01   2.7000000e+01   3.9000000e+01   4.0000000e+01   5.9000000e+01
   1.8549075e+01   1.6000000e+01   1.0000000e+00   2.5000000e+01   2.7000000e+01   4.0000000e+01   4.0000000e+01   5.8000000e+01
   1.8662873e+01   1.7000000e+01   1.0000000e+00   2.5000000e+01   2.7000000e+01   4.0000000e+01   3.9000000e+01   5.8000000e+01
   1.8776671e+01   1.8000000e+01   1.0000000e+00   2.5000000e+01   2.7000000e+01   4.1000000e+01   3.9000000e+01   5.7000000e+01
   1.8890469e+01   1.8000000e+01   1.0000000e+00   2.4000000e+01   2.6000000e+01   4.1000000e+01   3.8000000e+01   5.7000000e+01
   1.9004267e+01   1.9000000e+01   1.0000000e+00   2.4000000e+01   2.7000000e+01   4.2000000e+01   3.8000000e+01   5.6000000e+01
   1.9118065e+01   2.0000000e+01   1.0000000e+00   2.3000000e+01   2.7000000e+01   4.2000000e+01   3.8000000e+01   5.6000000e+01
   1.9231863e+01   2.1000000e+01   1.0000000e+00   2.3000000e+01   2.7000000e+01   4.3000000e+01   3.8000000e+01   5.5000000e+01
   1.9345661e+01   2.2000000e+01   1.0000000e+00   2.2000000e+01   2.6000000e+01   4.3000000e+01   3.8000000e+01   5.5000000e+01
   1.9459459e+01   2.3000000e+01   1.0000000e+00   2.2000000e+01   2.7000000e+01   4.4000000e+01   3.8000000e+01   5.4000000e+01
   1.9573257e+01   2.4000000e+01   2.0000000e+00   2.2000000e+01   2.7000000e+01   4.5000000e+01   3.8000000e+01   5.4000000e+01
   1.9687055e+01   2.5000000e+01   2.0000000e+00   2.1000000e+01   2.7000000e+01   4.5000000e+01   3.8000000e+01   5.4000000e+01
   1.9800853e+01   2.6000000e+01   3.0000000e+00   2.1000000e+01   2.7000000e+01   4.5000000e+01   3.8000000e+01   5.3000000e+01
   1.9914651e+01   2.7000000e+01   3.0000000e+00   2.1000000e+01   2.7000000e+01   4.6000000e+01   3.8000000e+01   5.3000000e+01
   2.0028450e+01   2.8000000e+01   4.0000000e+00   2.0000000e+01   2.7000000e+01   4.6000000e+01   3.8000000e+01   5.2000000e+01
   2.0142248e+01   2.9000000e+01   4.0000000e+00   2.0000000e+01   2.7000000e+01   4.6000000e+01   3.7000000e+01   5.2000000e+01
   2.0256046e+01   3.0000000e+01   4.0000000e+00   2.0000000e+01   2.7000000e+01   4.6000000e+01   3.7000000e+01   5.1000000e+01
   2.0369844e+01   3.0000000e+01   5.0000000e+00   1.9000000e+01   2.7000000e+01   4.6000000e+01   3.6000000e+01   5.1000000e+01
   2.0483642e+01   3.1000000e+01   5.0000000e+00   1.9000000e+01   2.7000000e+01   4.6000000e+01   3.5000000e+01   5.1000000e+01
   2.0597440e+01   3.1000000e+01   6.0000000e+00   1.9000000e+01   2.8000000e+01   4.6000000e+01   3.4000000e+01   5.0000000e+01
   2.0711238e+01   3.1000000e+01   6.0000000e+00   1.9000000e+01   2.8000000e+01   4.6000000e+01   3.4000000e+01   5.0000000e+01
   2.0825036e+01   3.1000000e+01   7.0000000e+00   1.9000000e+01   2.8000000e+01   4.6000000e+01   3.3000000e+01   4.9000000e+01
   2.0938834e+01   3.1000000e+01   8.0000000e+00   1.9000000e+01   2.8000000e+01   4.6000000e+01   3.2000000e+01   4.9000000e+01
   2.1052632e+01   3.0000000e+01   8.0000000e+00   1.9000000e+01   2.8000000e+01   4.5000000e+01   3.2000000e+01   4.8000000e+01
   2.1166430e+01   3.0000000e+01   9.0000000e+00   1.9000000e+01   2.8000000e+01   4.5000000e+01   3.1000000e+01   4.7000000e+01
   2.1280228e+01   2.9000000e+01   9.0000000e+00   1.9000000e+01   2.8000000e+01   4.4000000e+01   3.0000000e+01   4.7000000e+01
   2.1394026e+01   2.9000000e+01   9.0000000e+00   1.9000000e+01   2.8000000e+01   4.4000000e+01   2.9000000e+01   4.7000000e+01
   2.1507824e+01   2.8000000e+01   9.0000000e+00   1.9000000e+01   2.8000000e+01   4.3000000e+01   2.8000000e+01   4.6000000e+01
   2.1621622e+01   2.8000000e+01   1.0000000e+01   1.9000000e+01   2.8000000e+01   4.2000000e+01   2.7000000e+01   4.5000000e+01
   2.1735420e+01   2.8000000e+01   1.0000000e+01   1.9000000e+01   2.8000000e+01   4.1000000e+01   2.6000000e+01   4.4000000e+01
   2.1849218e+01   2.7000000e+01   1.0000000e+01   1.9000000e+01   2.8000000e+01   4.1000000e+01   2.5000000e+01   4.3000000e+01
   2.1963016e+01   2.6000000e+01   1.1000000e+01   1.9000000e+01   2.8000000e+01   4.0000000e+01   2.4000000e+01   4.3000000e+01
   2.2076814e+01   2.6000000e+01   1.1000000e+01   1.9000000e+01   2.8000000e+01   3.9000000e+01   2.3000000e+01   4.2000000e+01
   2.2190612e+01   2.6000000e+01   1.1000000e+01   2.0000000e+01   2.8000000e+01   3.8000000e+01   2.2000000e+01   4.1000000e+01
   2.2304410e+01   2.5000000e+01   1.2000000e+01   2.0000000e+01   2.7000000e+01   3.7000000e+01   2.1000000e+01   4.0000000e+01
   2.2418208e+01   2.5000000e+01   1.2000000e+01   2.0000000e+01   2.7000000e+01   3.6000000e+01   2.0000000e+01   3.9000000e+01
   2.2532006e+01   2.5000000e+01   1.1000000e+01   2.0000000e+01   2.7000000e+01   3.5000000e+01   1.9000000e+01   3.8000000e+01
   2.2645804e+01   2.4000000e+01   1.1000000e+01   2.1000000e+01   2.7000000e+01   3.5000000e+01   1.8000000e+01   3.7000000e+01
   2.2759602e+01   2.4000000e+01   1.1000000e+01   2.1000000e+01   2.7000000e+01   3.3000000e+01   1.7000000e+01   3.6000000e+01
   2.2873400e+01   2.4000000e+01   1.1000000e+01   2.2000000e+01   2.7000000e+01   3.2000000e+01   1.6000000e+01   3.5000000e+01
   2.2987198e+01   2.4000000e+01   1.2000000e+01   2.2000000e+01   2.6000000e+01   3.1000000e+01   1.5000000e+01   3.4000000e+01
   2.3100996e+01   2.4000000e+01   1.2000000e+01   2.3000000e+01   2.6000000e+01   3.0000000e+01   1.4000000e+01   3.3000000e+01
   2.3214794e+01   2.5000000e+01   1.2000000e+01   2.3000000e+01   2.6000000e+01   2.9000000e+01   1.3000000e+01   3.2000000e+01
   2.3328592e+01   2.5000000e+01   1.3000000e+01   2.3000000e+01   2.6000000e+01   2.7000000e+01   1.2000000e+01   3.1000000e+01
   2.3442390e+01   2.5000000e+01   1.3000000e+01   2.4000000e+01   2.6000000e+01   2.6000000e+01   1.1000000e+01   3.0000000e+01
   2.3556188e+01   2.6000000e+01   1.4000000e+01   2.4000000e+01   2.6000000e+01   2.5000000e+01   1.0000000e+01   2.9000000e+01
   2.3669986e+01   2.7000000e+01   1.4000000e+01   2.4000000e+01   2.5000000e+01   2.4000000e+01   9.0000000e+00   2.7000000e+01
   2.3783784e+01   2.8000000e+01   1.4000000e+01   2.5000000e+01   2.5000000e+01   2.3000000e+01   8.0000000e+00   2.6000000e+01
   2.3897582e+01   2.9000000e+01   1.4000000e+01   2.6000000e+01   2.5000000e+01   2.3000000e+01   7.0000000e+00   2.5000000e+01
   2.4011380e+01   2.9000000e+01   1.5000000e+01   2.6000000e+01   2.5000000e+01   2.2000000e+01   6.0000000e+00   2.3000000e+01
   2.4125178e+01   3.0000000e+01   1.5000000e+01   2.6000000e+01   2.5000000e+01   2.1000000e+01   5.0000000e+00   2.2000000e+01
   2.4238976e+01   3.1000000e+01   1.5000000e+01   2.7000000e+01   2.5000000e+01   2.0000000e+01   4.0000000e+00   2.1000000e+01
   2.4352774e+01   3.2000000e+01   1.6000000e+01   2.8000000e+01   2.5000000e+01   1.9000000e+01   3.0000000e+00   1.9000000e+01
   2.4466572e+01   3.3000000e+01   1.6000000e+01   2.8000000e+01   2.4000000e+01   1.8000000e+01   2.0000000e+00   1.8000000e+01
   2.4580370e+01   3.4000000e+01   1.6000000e+01   2.9000000e+01   2.4000000e+01   1.7000000e+01   1.0000000e+00   1.7000000e+01
   2.4694168e+01   3.5000000e+01   1.7000000e+01   3.0000000e+01   2.4000000e+01   1.6000000e+01   1.0000000e+00   1.5000000e+01
   2.4807966e+01   3.6000000e+01   1.7000000e+01   3.0000000e+01   2.4000000e+01   1.5000000e+01   1.0000000e+00   1.4000000e+01
   2.4921764e+01   3.7000000e+01   1.7000000e+01   3.1000000e+01   2.4000000e+01   1.5000000e+01   1.0000000e+00   1.2000000e+01
   2.5035562e+01   3.7000000e+01   1.8000000e+01   3.1000000e+01   2.4000000e+01   1.4000000e+01   1.0000000e+00   1.1000000e+01
   2.5149360e+01   3.8000000e+01   1.9000000e+01   3.2000000e+01   2.4000000e+01   1.4000000e+01   1.0000000e+00   1.0000000e+01
   2.5263158e+01   3.9000000e+01   1.9000000e+01   3.3000000e+01   2.4000000e+01   1.3000000e+01   1.0000000e+00   9.0000000e+00
   2.5376956e+01   3.9000000e+01   2.0000000e+01   3.3000000e+01   2.4000000e+01   1.3000000e+01   1.0000000e+00   8.0000000e+00
   2.5490754e+01   3.9000000e+01   2.0000000e+01   3.4000000e+01   2.5000000e+01   1.3000000e+01   1.0000000e+00   7.0000000e+00
   2.5604552e+01   3.9000000e+01   2.1000000e+01   3.4000000e+01   2.5000000e+01   1.2000000e+01   1.0000000e+00   6.0000000e+00
   2.5718350e+01   3.9000000e+01   2.1000000e+01   3.5000000e+01   2.5000000e+01   1.2000000e+01   1.0000000e+00   5.0000000e+00
   2.5832148e+01   3.9000000e+01   2.2000000e+01   3.5000000e+01   2.5000000e+01   1.2000000e+01   1.0000000e+00   5.0000000e+00
   2.5945946e+01   3.9000000e+01   2.3000000e+01   3.6000000e+01   2.5000000e+01   1.1000000e+01   1.0000000e+00   5.0000000e+00
   2.6059744e+01   3.9000000e+01   2.3000000e+01   3.6000000e+01   2.5000000e+01   1.1000000e+01   1.0000000e+00   4.0000000e+00
   2.6173542e+01   3.9000000e+01   2.3000000e+01   3.7000000e+01   2.6000000e+01   1.1000000e+01   1.0000000e+00   4.0000000e+00
   2.6287340e+01   3.9000000e+01   2.3000000e+01   3.7000000e+01   2.6000000e+01   1.1000000e+01   1.0000000e+00   4.0000000e+00
   2.6401138e+01   3.9000000e+01   2.4000000e+01   3.7000000e+01   2.6000000e+01   1.1000000e+01   1.0000000e+00   3.0000000e+00
   2.6514936e+01   3.9000000e+01   2.5000000e+01   3.8000000e+01   2.7000000e+01   1.1000000e+01   1.0000000e+00   3.0000000e+00
   2.6628734e+01   3.9000000e+01   2.5000000e+01   3.8000000e+01   2.7000000e+01   1.1000000e+01   1.0000000e+00   3.0000000e+00
   2.6742532e+01   3.9000000e+01   2.6000000e+01   3.8000000e+01   2.7000000e+01   1.1000000e+01   1.0000000e+00   3.0000000e+00
   2.6856330e+01   3.9000000e+01   2.6000000e+01   3.8000000e+01   2.8000000e+01   1.1000000e+01   1.0000000e+00   3.0000000e+00
   2.6970128e+01   4.0000000e+01   2.7000000e+01   3.8000000e+01   2.8000000e+01   1.2000000e+01   1.0000000e+00   2.0000000e+00
   2.7083926e+01   4.0000000e+01   2.7000000e+01   3.8000000e+01   2.9000000e+01   1.2000000e+01   1.0000000e+00   2.0000000e+00
   2.7197724e+01   4.0000000e+01   2.7000000e+01   3.8000000e+01   2.9000000e+01   1.2000000e+01   1.0000000e+00   2.0000000e+00
   2.7311522e+01   4.0000000e+01   2.8000000e+01   3.8000000e+01   3.0000000e+01   1.3000000e+01   1.0000000e+00   2.0000000e+00
   2.7425320e+01   4.0000000e+01   2.8000000e+01   3.8000000e+01   3.0000000e+01   1.3000000e+01   1.0000000e+00   3.0000000e+00
   2.7539118e+01   4.0000000e+01   2.9000000e+01   3.8000000e+01   3.1000000e+01   1.3000000e+01   1.0000000e+00   3.0000000e+00
   2.7652916e+01   3.9000000e+01   2.9000000e+01   3.8000000e+01   3.1000000e+01   1.4000000e+01   1.0000000e+00   3.0000000e+00
   2.7766714e+01   3.9000000e+01   2.9000000e+01   3.8000000e+01   3.2000000e+01   1.5000000e+01   1.0000000e+00   4.0000000e+00
   2.7880512e+01   3.9000000e+01   2.9000000e+01   3.8000000e+01   3.3000000e+01   1.6000000e+01   1.0000000e+00   4.0000000e+00
   2.7994310e+01   3.9000000e+01   2.9000000e+01   3.8000000e+01   3.3000000e+01   1.7000000e+01   2.0000000e+00   5.0000000e+00
   2.8108108e+01   3.9000000e+01   2.9000000e+01   3.7000000e+01   3.4000000e+01   1.8000000e+01   3.0000000e+00   5.0000000e+00
   2.8221906e+01   3.9000000e+01   2.9000000e+01   3.7000000e+01   3.5000000e+01   1.9000000e+01   4.0000000e+00   6.0000000e+00
   2.8335704e+01   3.9000000e+01   2.9000000e+01   3.7000000e+01   3.5000000e+01   1.9000000e+01   5.0000000e+00   6.0000000e+00
   2.8449502e+01   3.8000000e+01   2.9000000e+01   3.7000000e+01   3.6000000e+01   2.0000000e+01   6.0000000e+00   7.0000000e+00
   2.8563300e+01   3.8000000e+01   2.9000000e+01   3.7000000e+01   3.7000000e+01   2.1000000e+01   8.0000000e+00   8.0000000e+00
   2.8677098e+01   3.7000000e+01   2.9000000e+01   3.6000000e+01   3.7000000e+01   2.3000000e+01   9.0000000e+00   9.0000000e+00
   2.8790896e+01   3.7000000e+01   2.8000000e+01   3.6000000e+01   3.8000000e+01   2.4000000e+01   1.0000000e+01   1.0000000e+01
   2.8904694e+01   3.6000000e+01   2.8000000e+01   3.6000000e+01   3.9000000e+01   2.5000000e+01   1.2000000e+01   1.1000000e+01
   2.9018492e+01   3.6000000e+01   2.8000000e+01   3.6000000e+01   4.0000000e+01   2.7000000e+01   1.3000000e+01   1.2000000e+01
   2.9132290e+01   3.5000000e+01   2.8000000e+01   3.6000000e+01   4.1000000e+01   2.8000000e+01   1.4000000e+01   1.3000000e+01
   2.9246088e+01   3.4000000e+01   2.7000000e+01   3.5000000e+01   4.1000000e+01   2.9000000e+01   1.6000000e+01   1.4000000e+01
   2.9359886e+01   3.4000000e+01   2.7000000e+01   3.5000000e+01   4.2000000e+01   3.1000000e+01   1.7000000e+01   1.6000000e+01
   2.9473684e+01   3.3000000e+01   2.7000000e+01   3.5000000e+01   4.2000000e+01   3.2000000e+01   1.8000000e+01   1.7000000e+01
   2.9587482e+01   3.3000000e+01   2.7000000e+01   3.5000000e+01   4.3000000e+01   3.3000000e+01   2.0000000e+01   1.8000000e+01
   2.9701280e+01   3.2000000e+01   2.7000000e+01   3.5000000e+01   4.4000000e+01   3.5000000e+01   2.1000000e+01   1.9000000e+01
   2.9815078e+01   3.2000000e+01   2.6000000e+01   3.5000000e+01   4.5000000e+01   3.6000000e+01   2.3000000e+01   2.1000000e+01
   2.9928876e+01   3.2000000e+01   2.6000000e+01   3.4000000e+01   4.6000000e+01   3.7000000e+01   2.5000000e+01   2.2000000e+01
   3.0042674e+01   3.1000000e+01   2.6000000e+01   3.4000000e+01   4.6000000e+01   3.9000000e+01   2.6000000e+01   2.4000000e+01
   3.0156472e+01   3.1000000e+01   2.5000000e+01   3.4000000e+01   4.7000000e+01   4.0000000e+01   2.7000000e+01   2.5000000e+01
   3.0270270e+01   3.1000000e+01   2.5000000e+01   3.4000000e+01   4.7000000e+01   4.1000000e+01   2.8000000e+01   2.7000000e+01
   3.0384068e+01   3.1000000e+01   2.5000000e+01   3.4000000e+01   4.7000000e+01   4.2000000e+01   2.9000000e+01   2.9000000e+01
   3.0497866e+01   3.0000000e+01   2.5000000e+01   3.4000000e+01   4.8000000e+01   4.2000000e+01   3.0000000e+01   3.1000000e+01
   3.0611664e+01   3.0000000e+01   2.5000000e+01   3.4000000e+01   4.8000000e+01   4.3000000e+01   3.0000000e+01   3.3000000e+01
   3.0725462e+01   3.0000000e+01   2.5000000e+01   3.4000000e+01   4.8000000e+01   4.3000000e+01   3.0000000e+01   3.5000000e+01
   3.0839260e+01   3.0000000e+01   2.5000000e+01   3.4000000e+01   4.8000000e+01   4.3000000e+01   3.1000000e+01   3.6000000e+01
   3.0953058e+01   3.0000000e+01   2.5000000e+01   3.4000000e+01   4.8000000e+01   4.4000000e+01   3.2000000e+01   3.7000000e+01
   3.1066856e+01   3.0000000e+01   2.5000000e+01   3.4000000e+01   4.8000000e+01   4.4000000e+01   3.2000000e+01   3.8000000e+01
   3.1180654e+01   3.0000000e+01   2.5000000e+01   3.4000000e+01   4.8000000e+01   4.5000000e+01   3.3000000e+01   4.0000000e+01
   3.1294452e+01   2.9000000e+01   2.5000000e+01   3.4000000e+01   4.8000000e+01   4.6000000e+01   3.4000000e+01   4.2000000e+01
   3.1408250e+01   2.9000000e+01   2.5000000e+01   3.4000000e+01   4.7000000e+01   4.6000000e+01   3.4000000e+01   4.3000000e+01
   3.1522048e+01   2.9000000e+01   2.5000000e+01   3.4000000e+01   4.7000000e+01   4.7000000e+01   3.5000000e+01   4.5000000e+01
   3.1635846e+01   2.9000000e+01   2.5000000e+01   3.4000000e+01   4.7000000e+01   4.7000000e+01   3.6000000e+01   4.6000000e+01
   3.1749644e+01   2.9000000e+01   2.5000000e+01   3.4000000e+01   4.7000000e+01   4.7000000e+01   3.6000000e+01   4.8000000e+01
   3.1863442e+01   2.9000000e+01   2.5000000e+01   3.4000000e+01   4.7000000e+01   4.8000000e+01   3.6000000e+01   4.9000000e+01
   3.1977240e+01   2.9000000e+01   2.5000000e+01   3.3000000e+01   4.7000000e+01   4.8000000e+01   3.7000000e+01   5.0000000e+01
   3.2091038e+01   2.9000000e+01   2.5000000e+01   3.4000000e+01   4.7000000e+01   4.8000000e+01   3.8000000e+01   5.1000000e+01
   3.2204836e+01   2.9000000e+01   2.5000000e+01   3.4000000e+01   4.7000000e+01   4.9000000e+01   3.8000000e+01   5.2000000e+01
   3.2318634e+01   2.9000000e+01   2.5000000e+01   3.4000000e+01   4.7000000e+01   4.9000000e+01   3.8000000e+01   5.3000000e+01
   3.2432432e+01   2.9000000e+01   2.5000000e+01   3.4000000e+01   4.7000000e+01   4.9000000e+01   3.9000000e+01   5.3000000e+01
   3.2546230e+01   2.9000000e+01   2.5000000e+01   3.4000000e+01   4.7000000e+01   4.9000000e+01   3.9000000e+01   5.4000000e+01
   3.2660028e+01   3.0000000e+01   2.6000000e+01   3.4000000e+01   4.7000000e+01   4.9000000e+01   3.9000000e+01   5.5000000e+01
   3.2773826e+01   3.0000000e+01   2.6000000e+01   3.4000000e+01   4.7000000e+01   4.9000000e+01   3.9000000e+01   5.5000000e+01
   3.2887624e+01   3.1000000e+01   2.6000000e+01   3.4000000e+01   4.7000000e+01   4.9000000e+01   3.9000000e+01   5.5000000e+01
   3.3001422e+01   3.1000000e+01   2.6000000e+01   3.4000000e+01   4.7000000e+01   4.9000000e+01   3.9000000e+01   5.6000000e+01
   3.3115220e+01   3.2000000e+01   2.6000000e+01   3.4000000e+01   4.7000000e+01   4.9000000e+01   3.9000000e+01   5.6000000e+01
   3.3229018e+01   3.2000000e+01   2.7000000e+01   3.4000000e+01   4.7000000e+01   4.9000000e+01   4.0000000e+01   5.6000000e+01
   3.3342817e+01   3.3000000e+01   2.7000000e+01   3.4000000e+01   4.7000000e+01   4.9000000e+01   4.0000000e+01   5.7000000e+01
   3.3456615e+01   3.4000000e+01   2.8000000e+01   3.4000000e+01   4.7000000e+01   4.9000000e+01   4.1000000e+01   5.7000000e+01
   3.3570413e+01   3.5000000e+01   2.8000000e+01   3.4000000e+01   4.7000000e+01   4.9000000e+01   4.1000000e+01   5.7000000e+01
   3.3684211e+01   3.6000000e+01   2.9000000e+01   3.4000000e+01   4.7000000e+01   4.8000000e+01   4.0000000e+01   5.7000000e+01
   3.3798009e+01   3.7000000e+01   2.9000000e+01   3.4000000e+01   4.7000000e+01   4.8000000e+01   4.0000000e+01   5.8000000e+01
   3.3911807e+01   3.7000000e+01   2.9000000e+01   3.4000000e+01   4.7000000e+01   4.8000000e+01   4.0000000e+01   5.8000000e+01
   3.4025605e+01   3.7000000e+01   3.0000000e+01   3.4000000e+01   4.7000000e+01   4.8000000e+01   4.0000000e+01   5.8000000e+01
   3.4139403e+01   3.8000000e+01   3.0000000e+01   3.4000000e+01   4.6000000e+01   4.7000000e+01   4.0000000e+01   5.8000000e+01
   3.4253201e+01   3.8000000e+01   3.1000000e+01   3.4000000e+01   4.6000000e+01   4.7000000e+01   3.9000000e+01   5.8000000e+01
   3.4366999e+01   3.8000000e+01   3.2000000e+01   3.4000000e+01   4.6000000e+01   4.7000000e+01   3.9000000e+01   5.8000000e+01
   3.4480797e+01   3.8000000e+01   3.2000000e+01   3.4000000e+01   4.5000000e+01   4.7000000e+01   3.8000000e+01   5.8000000e+01
   3.4594595e+01   3.8000000e+01   3.3000000e+01   3.4000000e+01   4.5000000e+01   4.7000000e+01   3.8000000e+01   5.8000000e+01
   3.4708393e+01   3.9000000e+01   3.4000000e+01   3.5000000e+01   4.5000000e+01   4.7000000e+01   3.8000000e+01   5.8000000e+01
   3.4822191e+01   3.9000000e+01   3.4000000e+01   3.5000000e+01   4.5000000e+01   4.7000000e+01   3.9000000e+01   5.8000000e+01
   3.4935989e+01   4.0000000e+01   3.5000000e+01   3.5000000e+01   4.5000000e+01   4.7000000e+01   3.9000000e+01   5.8000000e+01
   3.5049787e+01   4.0000000e+01   3.6000000e+01   3.6000000e+01   4.5000000e+01   4.7000000e+01   3.9000000e+01   5.7000000e+01
   3.5163585e+01   4.1000000e+01   3.6000000e+01   3.6000000e+01   4.5000000e+01   4.7000000e+01   3.8000000e+01   5.7000000e+01
   3.5277383e+01   4.2000000e+01   3.7000000e+01   3.6000000e+01   4.5000000e+01   4.7000000e+01   3.8000000e+01   5.7000000e+01
   3.5391181e+01   4.3000000e+01   3.8000000e+01   3.6000000e+01   4.5000000e+01   4.7000000e+01   3.8000000e+01   5.7000000e+01
   3.5504979e+01   4.4000000e+01   3.9000000e+01   3.6000000e+01   4.5000000e+01   4.6000000e+01   3.7000000e+01   5.7000000e+01
   3.5618777e+01   4.5000000e+01   4.0000000e+01   3.7000000e+01   4.5000000e+01   4.6000000e+01   3.7000000e+01   5.6000000e+01
   3.5732575e+01   4.6000000e+01   4.0000000e+01   3.8000000e+01   4.5000000e+01   4.6000000e+01   3.7000000e+01   5.6000000e+01
   3.5846373e+01   4.7000000e+01   4.1000000e+01   3.8000000e+01   4.5000000e+01   4.6000000e+01   3.7000000e+01   5.6000000e+01
   3.5960171e+01   4.9000000e+01   4.2000000e+01   3.8000000e+01   4.5000000e+01   4.6000000e+01   3.7000000e+01   5.6000000e+01
   3.6073969e+01   5.0000000e+01   4.3000000e+01   3.8000000e+01   4.5000000e+01   4.6000000e+01   3.7000000e+01   5.5000000e+01
   3.6187767e+01   5.2000000e+01   4.4000000e+01   3.8000000e+01   4.5000000e+01   4.6000000e+01   3.7000000e+01   5.5000000e+01
   3.6301565e+01   5.3000000e+01   4.5000000e+01   3.8000000e+01   4.5000000e+01   4.6000000e+01   3.6000000e+01   5.5000000e+01
   3.6415363e+01   5.5000000e+01   4.6000000e+01   3.8000000e+01   4.5000000e+01   4.5000000e+01   3.6000000e+01   5.4000000e+01
   3.6529161e+01   5.6000000e+01   4.7000000e+01   3.8000000e+01   4.5000000e+01   4.5000000e+01   3.5000000e+01   5.4000000e+01
   3.6642959e+01   5.7000000e+01   4.8000000e+01   3.8000000e+01   4.5000000e+01   4.5000000e+01   3.5000000e+01   5.3000000e+01
   3.6756757e+01   5.9000000e+01   5.0000000e+01   3.8000000e+01   4.5000000e+01   4.4000000e+01   3.5000000e+01   5.3000000e+01
   3.6870555e+01   6.0000000e+01   5.0000000e+01   3.8000000e+01   4.5000000e+01   4.4000000e+01   3.5000000e+01   5.3000000e+01
   3.6984353e+01   6.1000000e+01   5.1000000e+01   3.8000000e+01   4.5000000e+01   4.4000000e+01   3.5000000e+01   5.2000000e+01
   3.7098151e+01   6.2000000e+01   5.2000000e+01   3.8000000e+01   4.5000000e+01   4.4000000e+01   3.5000000e+01   5.2000000e+01
   3.7211949e+01   6.3000000e+01   5.2000000e+01   3.9000000e+01   4.5000000e+01   4.4000000e+01   3.6000000e+01   5.2000000e+01
   3.7325747e+01   6.4000000e+01   5.3000000e+01   1.0000000e+00   4.5000000e+01   4.4000000e+01   3.6000000e+01   5.1000000e+01
   3.7439545e+01   6.5000000e+01   5.4000000e+01   1.0000000e+00   4.5000000e+01   4.4000000e+01   3.6000000e+01   5.1000000e+01
   3.7553343e+01   6.6000000e+01   5.5000000e+01   1.0000000e+00   4.6000000e+01   4.4000000e+01   3.6000000e+01   5.1000000e+01
   3.7667141e+01   6.7000000e+01   5.7000000e+01   1.0000000e+00   4.6000000e+01   4.4000000e+01   3.6000000e+01   5.1000000e+01
   3.7780939e+01   6.7000000e+01   5.8000000e+01   1.0000000e+00   4.6000000e+01   4.4000000e+01   3.7000000e+01   5.1000000e+01
   3.7894737e+01   6.8000000e+01   5.9000000e+01   1.0000000e+00   4.6000000e+01   4.4000000e+01   3.7000000e+01   5.1000000e+01
   3.8008535e+01   6.9000000e+01   6.0000000e+01   1.0000000e+00   4.7000000e+01   4.4000000e+01   3.7000000e+01   5.1000000e+01
   3.8122333e+01   7.0000000e+01   6.0000000e+01   1.0000000e+00   4.7000000e+01   4.5000000e+01   3.7000000e+01   5.1000000e+01
   3.8236131e+01   7.1000000e+01   6.1000000e+01   1.0000000e+00   4.7000000e+01   4.5000000e+01   3.7000000e+01   5.1000000e+01
   3.8349929e+01   7.2000000e+01   6.1000000e+01   1.0000000e+00   4.8000000e+01   4.6000000e+01   3.8000000e+01   5.1000000e+01
   3.8463727e+01   7.3000000e+01   6.2000000e+01   1.0000000e+00   4.8000000e+01   4.6000000e+01   3.8000000e+01   5.2000000e+01
   3.8577525e+01   7.4000000e+01   6.3000000e+01   1.0000000e+00   4.8000000e+01   4.7000000e+01   3.8000000e+01   5.2000000e+01
   3.8691323e+01   7.4000000e+01   6.4000000e+01   1.0000000e+00   4.9000000e+01   4.7000000e+01   3.8000000e+01   5.2000000e+01
   3.8805121e+01   7.3000000e+01   6.5000000e+01   1.0000000e+00   4.9000000e+01   4.7000000e+01   3.8000000e+01   5.2000000e+01
   3.8918919e+01   7.3000000e+01   6.5000000e+01   1.0000000e+00   4.9000000e+01   4.8000000e+01   3.8000000e+01   5.2000000e+01
   3.9032717e+01   7.3000000e+01   6.6000000e+01   1.0000000e+00   5.0000000e+01   4.8000000e+01   3.8000000e+01   5.3000000e+01
   3.9146515e+01   7.2000000e+01   6.6000000e+01   1.0000000e+00   5.0000000e+01   4.9000000e+01   3.9000000e+01   5.3000000e+01
   3.9260313e+01   7.2000000e+01   6.7000000e+01   1.0000000e+00   5.1000000e+01   4.9000000e+01   3.9000000e+01   5.3000000e+01
   3.9374111e+01   7.2000000e+01   6.7000000e+01   1.0000000e+00   5.2000000e+01   5.0000000e+01   4.0000000e+01   5.3000000e+01
   3.9487909e+01   7.2000000e+01   6.7000000e+01   1.0000000e+00   5.2000000e+01   5.2000000e+01   4.2000000e+01   5.3000000e+01
   3.9601707e+01   7.2000000e+01   6.7000000e+01   1.0000000e+00   5.2000000e+01   5.3000000e+01   4.3000000e+01   5.4000000e+01
   3.9715505e+01   7.2000000e+01   6.7000000e+01   1.0000000e+00   5.2000000e+01   5.3000000e+01   4.4000000e+01   5.4000000e+01
   3.9829303e+01   7.2000000e+01   6.6000000e+01   1.0000000e+00   5.3000000e+01   5.4000000e+01   4.6000000e+01   5.5000000e+01
   3.9943101e+01   7.3000000e+01   6.6000000e+01   1.0000000e+00   5.4000000e+01   5.5000000e+01   4.7000000e+01   5.5000000e+01
   4.0056899e+01   7.3000000e+01   6.6000000e+01   1.0000000e+00   5.5000000e+01   5.5000000e+01   4.7000000e+01   5.5000000e+01
   4.0170697e+01   7.4000000e+01   6.6000000e+01   1.0000000e+00   5.5000000e+01   5.6000000e+01   4.7000000e+01   5.6000000e+01
   4.0284495e+01   7.4000000e+01   6.6000000e+01   1.0000000e+00   5.6000000e+01   5.6000000e+01   4.8000000e+01   5.6000000e+01
   4.0398293e+01   7.4000000e+01   6.6000000e+01   1.0000000e+00   5.6000000e+01   5.7000000e+01   4.8000000e+01   5.6000000e+01
   4.0512091e+01   7.4000000e+01   6.5000000e+01   1.0000000e+00   5.7000000e+01   5.7000000e+01   4.8000000e+01   5.6000000e+01
   4.0625889e+01   7.5000000e+01   6.5000000e+01   1.0000000e+00   5.8000000e+01   5.9000000e+01   4.9000000e+01   5.7000000e+01
   4.0739687e+01   7.5000000e+01   6.5000000e+01   1.0000000e+00   1.0000000e+00   6.0000000e+01   4.9000000e+01   5.7000000e+01
   4.0853485e+01   7.5000000e+01   6.5000000e+01   1.0000000e+00   1.0000000e+00   6.1000000e+01   4.8000000e+01   5.7000000e+01
   4.0967283e+01   7.5000000e+01   6.4000000e+01   1.0000000e+00   1.0000000e+00   6.1000000e+01   4.8000000e+01   5.8000000e+01
   4.1081081e+01   7.4000000e+01   6.4000000e+01   1.0000000e+00   1.0000000e+00   6.2000000e+01   4.8000000e+01   5.8000000e+01
   4.1194879e+01   7.3000000e+01   6.4000000e+01   1.0000000e+00   1.0000000e+00   6.3000000e+01   4.8000000e+01   5.8000000e+01
   4.1308677e+01   7.2000000e+01   6.4000000e+01   1.0000000e+00   1.0000000e+00   6.4000000e+01   4.8000000e+01   5.9000000e+01
   4.1422475e+01   7.1000000e+01   6.3000000e+01   1.0000000e+00   1.0000000e+00   6.5000000e+01   4.9000000e+01   6.0000000e+01
   4.1536273e+01   7.1000000e+01   6.3000000e+01   1.0000000e+00   1.0000000e+00   6.6000000e+01   4.9000000e+01   6.0000000e+01
   4.1650071e+01   7.0000000e+01   6.3000000e+01   1.0000000e+00   1.0000000e+00   6.7000000e+01   5.0000000e+01   6.1000000e+01
   4.1763869e+01   6.9000000e+01   6.3000000e+01   1.0000000e+00   1.0000000e+00   6.8000000e+01   5.1000000e+01   6.1000000e+01
   4.1877667e+01   6.9000000e+01   6.3000000e+01   1.0000000e+00   1.0000000e+00   6.9000000e+01   5.2000000e+01   6.2000000e+01
   4.1991465e+01   6.8000000e+01   6.2000000e+01   1.0000000e+00   1.0000000e+00   7.0000000e+01   5.3000000e+01   6.3000000e+01
   4.2105263e+01   6.7000000e+01   6.2000000e+01   1.0000000e+00   1.0000000e+00   7.1000000e+01   5.4000000e+01   6.3000000e+01
   4.2219061e+01   6.7000000e+01   6.2000000e+01   1.0000000e+00   1.0000000e+00   7.2000000e+01   5.5000000e+01   6.4000000e+01
   4.2332859e+01   6.6000000e+01   6.2000000e+01   1.0000000e+00   1.0000000e+00   7.3000000e+01   5.6000000e+01   6.5000000e+01
   4.2446657e+01   6.6000000e+01   6.2000000e+01   1.0000000e+00   1.0000000e+00   7.4000000e+01   5.7000000e+01   6.6000000e+01
   4.2560455e+01   6.5000000e+01   6.1000000e+01   1.0000000e+00   1.0000000e+00   7.6000000e+01   5.8000000e+01   6.7000000e+01
   4.2674253e+01   6.5000000e+01   6.1000000e+01   1.0000000e+00   1.0000000e+00   7.7000000e+01   5.9000000e+01   6.7000000e+01
   4.2788051e+01   6.4000000e+01   6.1000000e+01   1.0000000e+00   1.0000000e+00   7.8000000e+01   6.0000000e+01   6.8000000e+01
   4.2901849e+01   6.4000000e+01   6.1000000e+01   1.0000000e+00   1.0000000e+00   7.9000000e+01   6.1000000e+01   6.9000000e+01
   4.3015647e+01   6.4000000e+01   6.1000000e+01   1.0000000e+00   1.0000000e+00   8.0000000e+01   6.2000000e+01   6.9000000e+01
   4.3129445e+01   6.3000000e+01   6.2000000e+01   1.0000000e+00   1.0000000e+00   8.1000000e+01   6.3000000e+01   7.0000000e+01
   4.3243243e+01   6.3000000e+01   6.1000000e+01   1.0000000e+00   1.0000000e+00   8.2000000e+01   6.4000000e+01   1.0000000e+00
   4.3357041e+01   6.3000000e+01   6.1000000e+01   1.0000000e+00   1.0000000e+00   8.3000000e+01   6.5000000e+01   1.0000000e+00
   4.3470839e+01   6.3000000e+01   6.1000000e+01   1.0000000e+00   1.0000000e+00   8.3000000e+01   6.6000000e+01   1.0000000e+00
   4.3584637e+01   6.3000000e+01   6.1000000e+01   1.0000000e+00   1.0000000e+00   8.4000000e+01   6.8000000e+01   1.0000000e+00
   4.3698435e+01   6.3000000e+01   6.1000000e+01   1.0000000e+00   1.0000000e+00   8.4000000e+01   6.9000000e+01   1.0000000e+00
   4.3812233e+01   6.3000000e+01   6.1000000e+01   1.0000000e+00   1.0000000e+00   8.5000000e+01   7.0000000e+01   1.0000000e+00
   4.3926031e+01   6.2000000e+01   6.1000000e+01   1.0000000e+00   1.0000000e+00   8.6000000e+01   7.1000000e+01   1.0000000e+00
   4.4039829e+01   6.2000000e+01   6.1000000e+01   1.0000000e+00   1.0000000e+00   8.6000000e+01   7.1000000e+01   1.0000000e+00
   4.4153627e+01   6.2000000e+01   6.1000000e+01   1.0000000e+00   1.0000000e+00   8.6000000e+01   7.2000000e+01   1.0000000e+00
   4.4267425e+01   6.1000000e+01   6.1000000e+01   1.0000000e+00   1.0000000e+00   1.0000000e+00   7.2000000e+01   1.0000000e+00
   4.4381223e+01   6.1000000e+01   6.1000000e+01   1.0000000e+00   1.0000000e+00   1.0000000e+00   7.2000000e+01   1.0000000e+00
   4.4495021e+01   6.1000000e+01   6.1000000e+01   1.0000000e+00   1.0000000e+00   1.0000000e+00   7.2000000e+01   1.0000000e+00
   4.4608819e+01   6.1000000e+01   6.0000000e+01   1.0000000e+00   1.0000000e+00   1.0000000e+00   7.1000000e+01   1.0000000e+00
   4.4722617e+01   6.1000000e+01   6.0000000e+01   1.0000000e+00   1.0000000e+00   1.0000000e+00   7.0000000e+01   1.0000000e+00
   4.4836415e+01   6.0000000e+01   6.0000000e+01   1.0000000e+00   1.0000000e+00   1.0000000e+00   6.9000000e+01   1.0000000e+00
   4.4950213e+01   6.0000000e+01   5.9000000e+01   1.0000000e+00   1.0000000e+00   1.0000000e+00   6.8000000e+01   1.0000000e+00
   4.5064011e+01   6.0000000e+01   5.9000000e+01   1.0000000e+00   1.0000000e+00   1.0000000e+00   6.8000000e+01   1.0000000e+00
   4.5177809e+01   6.0000000e+01   5.8000000e+01   1.0000000e+00   1.0000000e+00   1.0000000e+00   6.7000000e+01   1.0000000e+00
   4.5291607e+01   6.0000000e+01   5.7000000e+01   1.0000000e+00   1.0000000e+00   1.0000000e+00   6.6000000e+01   1.0000000e+00
   4.5405405e+01   6.0000000e+01   5.7000000e+01   1.0000000e+00   1.0000000e+00   1.0000000e+00   6.4000000e+01   1.0000000e+00
   4.5519203e+01   6.0000000e+01   5.6000000e+01   7.1000000e+01   1.0000000e+00   1.0000000e+00   6.3000000e+01   8.1000000e+01
   4.5633001e+01   6.0000000e+01   5.5000000e+01   7.0000000e+01   1.0000000e+00   1.0000000e+00   6.2000000e+01   8.1000000e+01
   4.5746799e+01   6.0000000e+01   5.4000000e+01   7.0000000e+01   1.0000000e+00   1.0000000e+00   6.0000000e+01   8.1000000e+01
   4.5860597e+01   6.0000000e+01   5.3000000e+01   6.9000000e+01   9.1000000e+01   1.0000000e+00   5.9000000e+01   8.0000000e+01
   4.5974395e+01   5.9000000e+01   5.3000000e+01   6.8000000e+01   9.1000000e+01   1.0000000e+00   5.8000000e+01   7.9000000e+01
   4.6088193e+01   5.9000000e+01   5.2000000e+01   6.8000000e+01   9.0000000e+01   1.0000000e+00   5.7000000e+01   7.9000000e+01
   4.6201991e+01   5.8000000e+01   5.1000000e+01   6.7000000e+01   9.0000000e+01   1.0000000e+00   5.6000000e+01   7.8000000e+01
   4.6315789e+01   5.8000000e+01   5.0000000e+01   6.6000000e+01   8.9000000e+01   1.0000000e+00   5.5000000e+01   7.7000000e+01
   4.6429587e+01   5.7000000e+01   4.9000000e+01   6.5000000e+01   8.9000000e+01   1.0000000e+00   5.3000000e+01   7.6000000e+01
   4.6543385e+01   5.7000000e+01   4.8000000e+01   6.4000000e+01   8.8000000e+01   1.0000000e+00   5.2000000e+01   7.5000000e+01
   4.6657183e+01   5.7000000e+01   4.7000000e+01   6.3000000e+01   8.8000000e+01   1.0000000e+00   5.1000000e+01   7.4000000e+01
   4.6770982e+01   5.6000000e+01   4.7000000e+01   6.2000000e+01   8.7000000e+01   6.6000000e+01   5.0000000e+01   7.2000000e+01
   4.6884780e+01   5.6000000e+01   4.6000000e+01   6.2000000e+01   8.6000000e+01   6.5000000e+01   4.9000000e+01   7.1000000e+01
   4.6998578e+01   5.6000000e+01   4.5000000e+01   6.1000000e+01   8.5000000e+01   6.4000000e+01   4.9000000e+01   7.0000000e+01
   4.7112376e+01   5.5000000e+01   4.4000000e+01   6.0000000e+01   8.4000000e+01   6.3000000e+01   4.8000000e+01   6.9000000e+01
   4.7226174e+01   5.5000000e+01   4.3000000e+01   5.9000000e+01   8.3000000e+01   6.2000000e+01   4.7000000e+01   6.8000000e+01
   4.7339972e+01   5.5000000e+01   4.2000000e+01   5.8000000e+01   8.2000000e+01   6.1000000e+01   4.7000000e+01   6.6000000e+01
   4.7453770e+01   5.4000000e+01   4.1000000e+01   5.7000000e+01   8.1000000e+01   6.0000000e+01   4.6000000e+01   6.5000000e+01
   4.7567568e+01   5.4000000e+01   4.1000000e+01   5.7000000e+01   8.0000000e+01   5.8000000e+01   4.5000000e+01   6.3000000e+01
   4.7681366e+01   5.4000000e+01   4.0000000e+01   5.6000000e+01   7.8000000e+01   5.7000000e+01   4.3000000e+01   6.2000000e+01
   4.7795164e+01   5.3000000e+01   3.9000000e+01   5.5000000e+01   7.7000000e+01   5.6000000e+01   4.2000000e+01   6.0000000e+01
   4.7908962e+01   5.3000000e+01   3.8000000e+01   5.4000000e+01   7.6000000e+01   5.5000000e+01   4.1000000e+01   5.9000000e+01
   4.8022760e+01   5.2000000e+01   3.7000000e+01   5.3000000e+01   7.5000000e+01   5.4000000e+01   3.9000000e+01   5.7000000e+01
   4.8136558e+01   5.1000000e+01   3.7000000e+01   5.2000000e+01   7.3000000e+01   5.2000000e+01   3.7000000e+01   5.6000000e+01
   4.8250356e+01   5.0000000e+01   3.5000000e+01   5.2000000e+01   7.2000000e+01   5.1000000e+01   3.6000000e+01   5.4000000e+01
   4.8364154e+01   4.9000000e+01   3.4000000e+01   5.1000000e+01   7.1000000e+01   4.9000000e+01   3.5000000e+01   5.3000000e+01
   4.8477952e+01   4.8000000e+01   3.3000000e+01   5.0000000e+01   7.0000000e+01   4.7000000e+01   3.3000000e+01   5.1000000e+01
   4.8591750e+01   4.6000000e+01   3.3000000e+01   4.9000000e+01   6.9000000e+01   4.6000000e+01   3.2000000e+01   5.0000000e+01
   4.8705548e+01   4.5000000e+01   3.2000000e+01   4.9000000e+01   6.8000000e+01   4.5000000e+01   3.1000000e+01   4.9000000e+01
   4.8819346e+01   4.4000000e+01   3.1000000e+01   4.8000000e+01   6.7000000e+01   4.3000000e+01   3.0000000e+01   4.8000000e+01
   4.8933144e+01   4.3000000e+01   3.1000000e+01   4.7000000e+01   6.6000000e+01   4.1000000e+01   2.8000000e+01   4.6000000e+01
   4.9046942e+01   4.2000000e+01   3.0000000e+01   4.7000000e+01   6.5000000e+01   3.9000000e+01   2.7000000e+01   4.5000000e+01
   4.9160740e+01   4.1000000e+01   2.9000000e+01   4.6000000e+01   6.4000000e+01   3.8000000e+01   2.5000000e+01   4.3000000e+01
   4.9274538e+01   4.0000000e+01   2.9000000e+01   4.6000000e+01   6.3000000e+01   3.6000000e+01   2.3000000e+01   4.2000000e+01
   4.9388336e+01   3.9000000e+01   2.8000000e+01   4.5000000e+01   6.1000000e+01   3.5000000e+01   2.2000000e+01   4.1000000e+01
   4.9502134e+01   3.8000000e+01   2.7000000e+01   4.5000000e+01   6.0000000e+01   3.3000000e+01   2.0000000e+01   3.9000000e+01
   4.9615932e+01   3.7000000e+01   2.7000000e+01   4.4000000e+01   5.9000000e+01   3.2000000e+01   1.8000000e+01   3.8000000e+01
   4.9729730e+01   3.6000000e+01   2.6000000e+01   4.4000000e+01   5.7000000e+01   3.0000000e+01   1.6000000e+01   3.7000000e+01
   4.9843528e+01   3.6000000e+01   2.6000000e+01   4.3000000e+01   5.6000000e+01   2.8000000e+01   1.5000000e+01   3.6000000e+01
   4.9957326e+01   3.5000000e+01   2.5000000e+01   4.3000000e+01   5.5000000e+01   2.7000000e+01   1.4000000e+01   3.5000000e+01
   5.0071124e+01   3.4000000e+01   2.5000000e+01   4.2000000e+01   5.4000000e+01   2.5000000e+01   1.3000000e+01   3.4000000e+01
   5.0184922e+01   3.4000000e+01   2.4000000e+01   4.2000000e+01   5.3000000e+01   2.3000000e+01   1.2000000e+01   3.3000000e+01
   5.0298720e+01   3.3000000e+01   2.4000000e+01   4.1000000e+01   5.2000000e+01   2.2000000e+01   1.0000000e+01   3.1000000e+01
   5.0412518e+01   3.3000000e+01   2.3000000e+01   4.1000000e+01   5.1000000e+01   2.1000000e+01   9.0000000e+00   3.0000000e+01
   5.0526316e+01   3.3000000e+01   2.3000000e+01   4.0000000e+01   5.0000000e+01   1.9000000e+01   9.0000000e+00   2.9000000e+01
   5.0640114e+01   3.3000000e+01   2.2000000e+01   4.0000000e+01   4.8000000e+01   1.7000000e+01   8.0000000e+00   2.8000000e+01
   5.0753912e+01   3.3000000e+01   2.2000000e+01   3.9000000e+01   4.7000000e+01   1.6000000e+01   8.0000000e+00   2.7000000e+01
   5.0867710e+01   3.3000000e+01   2.2000000e+01   3.9000000e+01   4.6000000e+01   1.5000000e+01   8.0000000e+00   2.6000000e+01
   5.0981508e+01   3.2000000e+01   2.1000000e+01   3.9000000e+01   4.5000000e+01   1.4000000e+01   8.0000000e+00   2.5000000e+01
   5.1095306e+01   3.2000000e+01   2.1000000e+01   3.9000000e+01   4.4000000e+01   1.3000000e+01   8.0000000e+00   2.4000000e+01
   5.1209104e+01   3.3000000e+01   2.1000000e+01   3.8000000e+01   4.3000000e+01   1.1000000e+01   8.0000000e+00   2.3000000e+01
   5.1322902e+01   3.3000000e+01   2.0000000e+01   3.8000000e+01   4.2000000e+01   1.0000000e+01   8.0000000e+00   2.2000000e+01
   5.1436700e+01   3.3000000e+01   2.0000000e+01   3.8000000e+01   4.1000000e+01   9.0000000e+00   8.0000000e+00   2.1000000e+01
   5.1550498e+01   3.4000000e+01   2.0000000e+01   3.8000000e+01   4.0000000e+01   8.0000000e+00   7.0000000e+00   2.0000000e+01
   5.1664296e+01   3.4000000e+01   2.0000000e+01   3.9000000e+01   3.9000000e+01   7.0000000e+00   6.0000000e+00   2.0000000e+01
   5.1778094e+01   3.4000000e+01   2.0000000e+01   3.9000000e+01   3.8000000e+01   7.0000000e+00   6.0000000e+00   1.9000000e+01
   5.1891892e+01   3.5000000e+01   2.0000000e+01   3.9000000e+01   3.7000000e+01   6.0000000e+00   5.0000000e+00   1.9000000e+01
   5.2005690e+01   3.5000000e+01   2.0000000e+01   3.9000000e+01   3.7000000e+01   5.0000000e+00   4.0000000e+00   1.8000000e+01
   5.2119488e+01   3.6000000e+01   2.1000000e+01   3.9000000e+01   3.6000000e+01   5.0000000e+00   4.0000000e+00   1.8000000e+01
   5.2233286e+01   3.6000000e+01   2.1000000e+01   3.9000000e+01   3.5000000e+01   4.0000000e+00   3.0000000e+00   1.7000000e+01
   5.2347084e+01   3.5000000e+01   2.1000000e+01   4.0000000e+01   3.4000000e+01   4.0000000e+00   3.0000000e+00   1.7000000e+01
   5.2460882e+01   3.4000000e+01   2.1000000e+01   4.0000000e+01   3.3000000e+01   3.0000000e+00   2.0000000e+00   1.6000000e+01
   5.2574680e+01   3.4000000e+01   2.1000000e+01   4.0000000e+01   3.3000000e+01   3.0000000e+00   2.0000000e+00   1.6000000e+01
   5.2688478e+01   3.4000000e+01   2.1000000e+01   4.0000000e+01   3.2000000e+01   3.0000000e+00   1.0000000e+00   1.6000000e+01
   5.2802276e+01   3.3000000e+01   2.1000000e+01   4.1000000e+01   3.1000000e+01   2.0000000e+00   1.0000000e+00   1.5000000e+01
   5.2916074e+01   3.2000000e+01   2.2000000e+01   4.1000000e+01   3.1000000e+01   2.0000000e+00   1.0000000e+00   1.5000000e+01
   5.3029872e+01   3.2000000e+01   2.2000000e+01   4.1000000e+01   3.0000000e+01   2.0000000e+00   1.0000000e+00   1.5000000e+01
   5.3143670e+01   3.1000000e+01   2.3000000e+01   4.1000000e+01   2.9000000e+01   2.0000000e+00   1.0000000e+00   1.4000000e+01
   5.3257468e+01   3.1000000e+01   2.3000000e+01   4.0000000e+01   2.9000000e+01   2.0000000e+00   1.0000000e+00   1.4000000e+01
   5.3371266e+01   3.1000000e+01   2.3000000e+01   4.0000000e+01   2.8000000e+01   2.0000000e+00   1.0000000e+00   1.4000000e+01
   5.3485064e+01   3.1000000e+01   2.3000000e+01   4.0000000e+01   2.8000000e+01   2.0000000e+00   1.0000000e+00   1.4000000e+01
   5.3598862e+01   3.0000000e+01   2.4000000e+01   4.0000000e+01   2.7000000e+01   2.0000000e+00   1.0000000e+00   1.4000000e+01
   5.3712660e+01   3.0000000e+01   2.4000000e+01   4.0000000e+01   2.7000000e+01   3.0000000e+00   1.0000000e+00   1.4000000e+01
   5.3826458e+01   3.0000000e+01   2.5000000e+01   4.0000000e+01   2.7000000e+01   3.0000000e+00   1.0000000e+00   1.5000000e+01
   5.3940256e+01   3.0000000e+01   2.5000000e+01   3.9000000e+01   2.6000000e+01   3.0000000e+00   2.0000000e+00   1.5000000e+01
   5.4054054e+01   3.1000000e+01   2.6000000e+01   3.9000000e+01   2.6000000e+01   4.0000000e+00   2.0000000e+00   1.5000000e+01
   5.4167852e+01   3.1000000e+01   2.6000000e+01   3.9000000e+01   2.6000000e+01   4.0000000e+00   3.0000000e+00   1.5000000e+01
   5.4281650e+01   3.1000000e+01   2.6000000e+01   3.8000000e+01   2.5000000e+01   4.0000000e+00   3.0000000e+00   1.5000000e+01
   5.4395448e+01   3.1000000e+01   2.7000000e+01   3.8000000e+01   2.5000000e+01   5.0000000e+00   4.0000000e+00   1.5000000e+01
   5.4509246e+01   3.2000000e+01   2.7000000e+01   3.8000000e+01   2.5000000e+01   5.0000000e+00   4.0000000e+00   1.6000000e+01
   5.4623044e+01   3.2000000e+01   2.8000000e+01   3.7000000e+01   2.5000000e+01   5.0000000e+00   5.0000000e+00   1.6000000e+01
   5.4736842e+01   3.2000000e+01   2.8000000e+01   3.7000000e+01   2.5000000e+01   6.0000000e+00   6.0000000e+00   1.6000000e+01
   5.4850640e+01   3.3000000e+01   2.8000000e+01   3.7000000e+01   2.5000000e+01   6.0000000e+00   7.0000000e+00   1.7000000e+01
   5.4964438e+01   3.4000000e+01   2.8000000e+01   3.6000000e+01   2.5000000e+01   7.0000000e+00   8.0000000e+00   1.7000000e+01
   5.5078236e+01   3.5000000e+01   2.9000000e+01   3.6000000e+01   2.5000000e+01   8.0000000e+00   9.0000000e+00   1.8000000e+01
   5.5192034e+01   3.6000000e+01   2.9000000e+01   3.6000000e+01   2.4000000e+01   8.0000000e+00   1.0000000e+01   1.9000000e+01
   5.5305832e+01   3.6000000e+01   2.9000000e+01   3.5000000e+01   2.4000000e+01   9.0000000e+00   1.1000000e+01   2.0000000e+01
   5.5419630e+01   3.7000000e+01   3.0000000e+01   3.5000000e+01   2.4000000e+01   1.0000000e+01   1.2000000e+01   2.0000000e+01
   5.5533428e+01   3.8000000e+01   3.0000000e+01   3.5000000e+01   2.4000000e+01   1.1000000e+01   1.3000000e+01   2.1000000e+01
   5.5647226e+01   3.9000000e+01   3.1000000e+01   3.4000000e+01   2.4000000e+01   1.2000000e+01   1.4000000e+01   2.2000000e+01
   5.5761024e+01   4.0000000e+01   3.1000000e+01   3.4000000e+01   2.4000000e+01   1.3000000e+01   1.5000000e+01   2.2000000e+01
   5.5874822e+01   4.0000000e+01   3.2000000e+01   3.4000000e+01   2.4000000e+01   1.5000000e+01   1.7000000e+01   2.3000000e+01
   5.5988620e+01   4.0000000e+01   3.2000000e+01   3.3000000e+01   2.4000000e+01   1.6000000e+01   1.8000000e+01   2.4000000e+01
   5.6102418e+01   4.0000000e+01   3.2000000e+01   3.3000000e+01   2.4000000e+01   1.6000000e+01   1.9000000e+01   2.5000000e+01
   5.6216216e+01   3.9000000e+01   3.2000000e+01   3.3000000e+01   2.5000000e+01   1.7000000e+01   2.0000000e+01   2.6000000e+01
   5.6330014e+01   3.8000000e+01   3.2000000e+01   3.3000000e+01   2.5000000e+01   1.8000000e+01   2.1000000e+01   2.7000000e+01
   5.6443812e+01   3.7000000e+01   3.3000000e+01   3.3000000e+01   2.5000000e+01   1.9000000e+01   2.2000000e+01   2.8000000e+01
   5.6557610e+01   3.6000000e+01   3.3000000e+01   3.3000000e+01   2.5000000e+01   2.0000000e+01   2.3000000e+01   2.9000000e+01
   5.6671408e+01   3.5000000e+01   3.3000000e+01   3.3000000e+01   2.5000000e+01   2.1000000e+01   2.4000000e+01   3.0000000e+01
   5.6785206e+01   3.4000000e+01   3.4000000e+01   3.3000000e+01   2.5000000e+01   2.2000000e+01   2.5000000e+01   3.1000000e+01
   5.6899004e+01   3.2000000e+01   3.4000000e+01   3.3000000e+01   2.5000000e+01   2.3000000e+01   2.6000000e+01   3.3000000e+01
   5.7012802e+01   3.1000000e+01   3.4000000e+01   3.3000000e+01   2.6000000e+01   2.4000000e+01   2.7000000e+01   3.4000000e+01
   5.7126600e+01   2.9000000e+01   3.4000000e+01   3.3000000e+01   2.6000000e+01   2.5000000e+01   2.8000000e+01   3.5000000e+01
   5.7240398e+01   2.8000000e+01   3.3000000e+01   3.3000000e+01   2.6000000e+01   2.6000000e+01   3.0000000e+01   3.7000000e+01
   5.7354196e+01   2.7000000e+01   3.3000000e+01   3.3000000e+01   2.6000000e+01   2.8000000e+01   3.1000000e+01   3.8000000e+01
   5.7467994e+01   2.6000000e+01   3.3000000e+01   3.4000000e+01   2.6000000e+01   2.9000000e+01   3.2000000e+01   3.9000000e+01
   5.7581792e+01   2.4000000e+01   3.2000000e+01   3.4000000e+01   2.7000000e+01   3.0000000e+01   3.3000000e+01   4.1000000e+01
   5.7695590e+01   2.3000000e+01   3.2000000e+01   3.4000000e+01   2.7000000e+01   3.0000000e+01   3.3000000e+01   4.2000000e+01
   5.7809388e+01   2.2000000e+01   3.2000000e+01   3.4000000e+01   2.7000000e+01   3.1000000e+01   3.4000000e+01   4.3000000e+01
   5.7923186e+01   2.1000000e+01   3.1000000e+01   3.4000000e+01   2.8000000e+01   3.1000000e+01   3.4000000e+01   4.4000000e+01
   5.8036984e+01   2.0000000e+01   3.1000000e+01   3.5000000e+01   2.8000000e+01   3.1000000e+01   3.5000000e+01   4.5000000e+01
   5.8150782e+01   1.9000000e+01   3.1000000e+01   3.5000000e+01   2.8000000e+01   3.2000000e+01   3.5000000e+01   4.7000000e+01
   5.8264580e+01   1.8000000e+01   3.0000000e+01   3.6000000e+01   2.9000000e+01   3.2000000e+01   3.5000000e+01   4.8000000e+01
   5.8378378e+01   1.8000000e+01   3.0000000e+01   3.6000000e+01   2.9000000e+01   3.2000000e+01   3.6000000e+01   4.9000000e+01
   5.8492176e+01   1.7000000e+01   3.0000000e+01   3.7000000e+01   2.9000000e+01   3.3000000e+01   3.6000000e+01   5.1000000e+01
   5.8605974e+01   1.7000000e+01   2.9000000e+01   3.7000000e+01   2.9000000e+01   3.3000000e+01   3.7000000e+01   5.2000000e+01
   5.8719772e+01   1.7000000e+01   2.9000000e+01   3.7000000e+01   2.9000000e+01   3.3000000e+01   3.7000000e+01   5.4000000e+01
   5.8833570e+01   1.6000000e+01   2.9000000e+01   3.8000000e+01   2.9000000e+01   3.3000000e+01   3.8000000e+01   5.4000000e+01
   5.8947368e+01   1.6000000e+01   2.8000000e+01   3.8000000e+01   2.9000000e+01   3.3000000e+01   3.8000000e+01   5.5000000e+01
   5.9061166e+01   1.6000000e+01   2.8000000e+01   3.8000000e+01   3.0000000e+01   3.3000000e+01   3.9000000e+01   5.6000000e+01
   5.9174964e+01   1.6000000e+01   2.8000000e+01   3.9000000e+01   3.0000000e+01   3.3000000e+01   3.9000000e+01   5.7000000e+01
   5.9288762e+01   1.6000000e+01   2.8000000e+01   3.9000000e+01   3.0000000e+01   3.4000000e+01   4.0000000e+01   5.8000000e+01
   5.9402560e+01   1.6000000e+01   2.8000000e+01   3.8000000e+01   3.0000000e+01   3.4000000e+01   4.0000000e+01   5.9000000e+01
   5.9516358e+01   1.6000000e+01   2.7000000e+01   3.8000000e+01   3.0000000e+01   3.5000000e+01   4.0000000e+01   6.0000000e+01
   5.9630156e+01   1.6000000e+01   2.7000000e+01   3.8000000e+01   3.0000000e+01   3.6000000e+01   4.1000000e+01   6.0000000e+01
   5.9743954e+01   1.7000000e+01   2.7000000e+01   3.8000000e+01   3.1000000e+01   3.6000000e+01   4.1000000e+01   6.0000000e+01
   5.9857752e+01   1.7000000e+01   2.7000000e+01   3.8000000e+01   3.1000000e+01   3.7000000e+01   4.1000000e+01   6.1000000e+01
   5.9971550e+01   1.8000000e+01   2.7000000e+01   3.8000000e+01   3.1000000e+01   3.7000000e+01   4.2000000e+01   6.2000000e+01
   6.0085349e+01   1.9000000e+01   2.7000000e+01   3.9000000e+01   3.1000000e+01   3.7000000e+01   4.2000000e+01   6.2000000e+01
   6.0199147e+01   2.0000000e+01   2.7000000e+01   3.9000000e+01   3.1000000e+01   3.8000000e+01   4.2000000e+01   6.3000000e+01
   6.0312945e+01   2.1000000e+01   2.7000000e+01   3.9000000e+01   3.1000000e+01   3.8000000e+01   4.2000000e+01   6.3000000e+01
   6.0426743e+01   2.3000000e+01   2.7000000e+01   3.9000000e+01   3.2000000e+01   3.8000000e+01   4.2000000e+01   6.3000000e+01
   6.0540541e+01   2.4000000e+01   2.7000000e+01   3.9000000e+01   3.2000000e+01   3.9000000e+01   4.2000000e+01   6.3000000e+01
   6.0654339e+01   2.6000000e+01   2.8000000e+01   3.9000000e+01   3.2000000e+01   3.9000000e+01   4.2000000e+01   6.4000000e+01
   6.0768137e+01   2.8000000e+01   2.8000000e+01   4.0000000e+01   3.2000000e+01   4.0000000e+01   4.2000000e+01   6.4000000e+01
   6.0881935e+01   2.9000000e+01   2.8000000e+01   4.0000000e+01   3.3000000e+01   4.1000000e+01   4.2000000e+01   6.4000000e+01
   6.0995733e+01   3.1000000e+01   2.8000000e+01   4.0000000e+01   3.3000000e+01   4.1000000e+01   4.2000000e+01   6.4000000e+01
   6.1109531e+01   3.3000000e+01   2.9000000e+01   4.1000000e+01   3.3000000e+01   4.2000000e+01   4.2000000e+01   6.4000000e+01
   6.1223329e+01   3.5000000e+01   2.9000000e+01   4.1000000e+01   3.4000000e+01   4.3000000e+01   4.3000000e+01   6.4000000e+01
   6.1337127e+01   3.7000000e+01   2.9000000e+01   4.1000000e+01   3.4000000e+01   4.3000000e+01   4.3000000e+01   6.4000000e+01
   6.1450925e+01   3.9000000e+01   3.0000000e+01   4.1000000e+01   3.4000000e+01   4.4000000e+01   4.3000000e+01   6.5000000e+01
   6.1564723e+01   4.0000000e+01   3.0000000e+01   4.1000000e+01   3.5000000e+01   4.4000000e+01   4.2000000e+01   6.5000000e+01
   6.1678521e+01   4.1000000e+01   3.1000000e+01   4.2000000e+01   3.5000000e+01   4.4000000e+01   4.2000000e+01   6.5000000e+01
   6.1792319e+01   4.2000000e+01   3.2000000e+01   4.2000000e+01   3.6000000e+01   4.4000000e+01   4.2000000e+01   6.4000000e+01
   6.1906117e+01   4.2000000e+01   3.2000000e+01   4.2000000e+01   3.6000000e+01   4.5000000e+01   4.2000000e+01   6.4000000e+01
   6.2019915e+01   4.1000000e+01   3.3000000e+01   4.2000000e+01   3.7000000e+01   4.5000000e+01   4.2000000e+01   6.4000000e+01
   6.2133713e+01   4.1000000e+01   3.3000000e+01   4.2000000e+01   3.7000000e+01   4.6000000e+01   4.2000000e+01   6.3000000e+01
   6.2247511e+01   4.0000000e+01   3.4000000e+01   4.2000000e+01   3.8000000e+01   4.6000000e+01   4.3000000e+01   6.3000000e+01
   6.2361309e+01   4.0000000e+01   3.4000000e+01   4.2000000e+01   3.8000000e+01   4.7000000e+01   4.3000000e+01   6.3000000e+01
   6.2475107e+01   3.9000000e+01   3.5000000e+01   4.2000000e+01   3.9000000e+01   4.7000000e+01   4.3000000e+01   6.3000000e+01
   6.2588905e+01   3.9000000e+01   3.5000000e+01   4.1000000e+01   3.9000000e+01   4.7000000e+01   4.3000000e+01   6.3000000e+01
   6.2702703e+01   3.9000000e+01   3.6000000e+01   4.1000000e+01   4.0000000e+01   4.8000000e+01   4.3000000e+01   6.2000000e+01
   6.2816501e+01   3.8000000e+01   3.6000000e+01   4.1000000e+01   4.0000000e+01   4.8000000e+01   4.3000000e+01   6.2000000e+01
   6.2930299e+01   3.7000000e+01   3.7000000e+01   4.0000000e+01   4.1000000e+01   4.8000000e+01   4.3000000e+01   6.2000000e+01
   6.3044097e+01   3.7000000e+01   3.7000000e+01   4.0000000e+01   4.1000000e+01   4.9000000e+01   4.3000000e+01   6.1000000e+01
   6.3157895e+01   3.7000000e+01   3.7000000e+01   4.0000000e+01   4.1000000e+01   5.0000000e+01   4.3000000e+01   6.1000000e+01
   6.3271693e+01   3.6000000e+01   3.7000000e+01   3.9000000e+01   4.2000000e+01   5.0000000e+01   4.4000000e+01   6.1000000e+01
   6.3385491e+01   3.5000000e+01   3.7000000e+01   3.9000000e+01   4.2000000e+01   5.0000000e+01   4.4000000e+01   6.0000000e+01
   6.3499289e+01   3.5000000e+01   3.7000000e+01   3.9000000e+01   4.3000000e+01   5.1000000e+01   4.5000000e+01   6.0000000e+01
   6.3613087e+01   3.4000000e+01   3.6000000e+01   3.9000000e+01   4.4000000e+01   5.1000000e+01   4.5000000e+01   6.0000000e+01
   6.3726885e+01   3.3000000e+01   3.6000000e+01   3.8000000e+01   4.4000000e+01   5.2000000e+01   4.5000000e+01   6.0000000e+01
   6.3840683e+01   3.2000000e+01   3.6000000e+01   3.8000000e+01   4.5000000e+01   5.2000000e+01   4.5000000e+01   5.9000000e+01
   6.3954481e+01   3.1000000e+01   3.5000000e+01   3.8000000e+01   4.5000000e+01   5.2000000e+01   4.5000000e+01   5.9000000e+01
   6.4068279e+01   3.0000000e+01   3.4000000e+01   3.8000000e+01   4.5000000e+01   5.2000000e+01   4.6000000e+01   5.8000000e+01
   6.4182077e+01   2.9000000e+01   3.4000000e+01   3.8000000e+01   4.6000000e+01   5.2000000e+01   4.6000000e+01   5.8000000e+01
   6.4295875e+01   2.8000000e+01   3.4000000e+01   3.8000000e+01   4.6000000e+01   5.2000000e+01   4.5000000e+01   5.8000000e+01
   6.4409673e+01   2.7000000e+01   3.4000000e+01   3.8000000e+01   4.7000000e+01   5.1000000e+01   4.5000000e+01   5.8000000e+01
   6.4523471e+01   2.6000000e+01   3.3000000e+01   3.8000000e+01   4.7000000e+01   5.1000000e+01   4.5000000e+01   5.8000000e+01
   6.4637269e+01   2.5000000e+01   3.2000000e+01   3.8000000e+01   4.8000000e+01   5.1000000e+01   4.6000000e+01   5.7000000e+01
   6.4751067e+01   2.4000000e+01   3.2000000e+01   3.8000000e+01   4.8000000e+01   5.1000000e+01   4.6000000e+01   5.7000000e+01
   6.4864865e+01   2.3000000e+01   3.1000000e+01   3.8000000e+01   4.8000000e+01   5.1000000e+01   4.6000000e+01   5.7000000e+01
   6.4978663e+01   2.3000000e+01   3.1000000e+01   3.8000000e+01   4.8000000e+01   5.1000000e+01   4.6000000e+01   5.7000000e+01
   6.5092461e+01   2.3000000e+01   3.0000000e+01   3.8000000e+01   4.8000000e+01   5.1000000e+01   4.7000000e+01   5.7000000e+01
   6.5206259e+01   2.2000000e+01   3.0000000e+01   3.8000000e+01   4.9000000e+01   5.1000000e+01   4.7000000e+01   5.6000000e+01
   6.5320057e+01   2.2000000e+01   2.9000000e+01   3.8000000e+01   4.9000000e+01   5.2000000e+01   4.7000000e+01   5.6000000e+01
   6.5433855e+01   2.2000000e+01   2.9000000e+01   3.8000000e+01   4.9000000e+01   5.2000000e+01   4.6000000e+01   5.6000000e+01
   6.5547653e+01   2.2000000e+01   2.9000000e+01   3.9000000e+01   4.8000000e+01   5.3000000e+01   4.6000000e+01   5.6000000e+01
   6.5661451e+01   2.2000000e+01   2.9000000e+01   3.9000000e+01   4.7000000e+01   5.3000000e+01   4.6000000e+01   5.7000000e+01
   6.5775249e+01   2.2000000e+01   2.9000000e+01   3.9000000e+01   4.7000000e+01   5.3000000e+01   4.6000000e+01   5.7000000e+01
   6.5889047e+01   2.3000000e+01   2.8000000e+01   3.9000000e+01   4.6000000e+01   5.3000000e+01   4.6000000e+01   5.7000000e+01
   6.6002845e+01   2.3000000e+01   2.8000000e+01   3.9000000e+01   4.6000000e+01   5.3000000e+01   4.6000000e+01   5.7000000e+01
   6.6116643e+01   2.4000000e+01   2.8000000e+01   3.9000000e+01   4.6000000e+01   5.3000000e+01   4.6000000e+01   5.7000000e+01
   6.6230441e+01   2.4000000e+01   2.8000000e+01   4.0000000e+01   4.6000000e+01   5.4000000e+01   4.6000000e+01   5.7000000e+01
   6.6344239e+01   2.5000000e+01   2.7000000e+01   4.0000000e+01   4.6000000e+01   5.4000000e+01   4.6000000e+01   5.7000000e+01
   6.6458037e+01   2.6000000e+01   2.7000000e+01   4.0000000e+01   4.7000000e+01   5.4000000e+01   4.6000000e+01   5.7000000e+01
   6.6571835e+01   2.7000000e+01   2.7000000e+01   4.0000000e+01   4.7000000e+01   5.4000000e+01   4.6000000e+01   5.7000000e+01
   6.6685633e+01   2.9000000e+01   2.8000000e+01   4.0000000e+01   4.7000000e+01   5.4000000e+01   4.5000000e+01   5.7000000e+01
   6.6799431e+01   3.0000000e+01   2.8000000e+01   4.0000000e+01   4.7000000e+01   5.4000000e+01   4.4000000e+01   5.7000000e+01
   6.6913229e+01   3.1000000e+01   2.8000000e+01   4.0000000e+01   4.7000000e+01   5.4000000e+01   4.4000000e+01   5.7000000e+01
   6.7027027e+01   3.3000000e+01   2.8000000e+01   4.0000000e+01   4.7000000e+01   5.4000000e+01   4.4000000e+01   5.7000000e+01
   6.7140825e+01   3.4000000e+01   2.9000000e+01   4.0000000e+01   4.6000000e+01   5.4000000e+01   4.4000000e+01   5.7000000e+01
   6.7254623e+01   3.6000000e+01   2.9000000e+01   4.0000000e+01   4.6000000e+01   5.3000000e+01   4.4000000e+01   5.7000000e+01
   6.7368421e+01   3.7000000e+01   2.9000000e+01   3.9000000e+01   4.6000000e+01   5.3000000e+01   4.4000000e+01   5.7000000e+01
   6.7482219e+01   3.9000000e+01   3.0000000e+01   3.9000000e+01   4.5000000e+01   5.2000000e+01   4.4000000e+01   5.7000000e+01
   6.7596017e+01   4.0000000e+01   3.0000000e+01   3.9000000e+01   4.5000000e+01   5.2000000e+01   4.4000000e+01   5.7000000e+01
   6.7709815e+01   4.1000000e+01   3.1000000e+01   3.8000000e+01   4.5000000e+01   5.2000000e+01   4.3000000e+01   5.7000000e+01
   6.7823613e+01   4.2000000e+01   3.1000000e+01   3.8000000e+01   4.5000000e+01   5.1000000e+01   4.3000000e+01   5.7000000e+01
   6.7937411e+01   4.2000000e+01   3.2000000e+01   3.8000000e+01   4.4000000e+01   5.1000000e+01   4.3000000e+01   5.7000000e+01
   6.8051209e+01   4.2000000e+01   3.2000000e+01   3.8000000e+01   4.4000000e+01   5.0000000e+01   4.3000000e+01   5.6000000e+01
   6.8165007e+01   4.2000000e+01   3.3000000e+01   3.8000000e+01   4.3000000e+01   5.0000000e+01   4.3000000e+01   5.6000000e+01
   6.8278805e+01   4.2000000e+01   3.4000000e+01   3.8000000e+01   4.3000000e+01   4.9000000e+01   4.1000000e+01   5.5000000e+01
   6.8392603e+01   4.1000000e+01   3.4000000e+01   3.8000000e+01   4.3000000e+01   4.7000000e+01   4.0000000e+01   5.5000000e+01
   6.8506401e+01   4.1000000e+01   3.5000000e+01   3.8000000e+01   4.3000000e+01   4.6000000e+01   3.9000000e+01   5.4000000e+01
   6.8620199e+01   4.0000000e+01   3.5000000e+01   3.8000000e+01   4.3000000e+01   4.5000000e+01   3.8000000e+01   5.4000000e+01
   6.8733997e+01   3.9000000e+01   3.5000000e+01   3.8000000e+01   4.2000000e+01   4.4000000e+01   3.7000000e+01   5.3000000e+01
   6.8847795e+01   3.9000000e+01   3.6000000e+01   3.8000000e+01   4.2000000e+01   4.3000000e+01   3.7000000e+01   5.3000000e+01
   6.8961593e+01   3.8000000e+01   3.6000000e+01   3.8000000e+01   4.2000000e+01   4.3000000e+01   3.6000000e+01   5.2000000e+01
   6.9075391e+01   3.7000000e+01   3.6000000e+01   3.8000000e+01   4.2000000e+01   4.2000000e+01   3.6000000e+01   5.2000000e+01
   6.9189189e+01   3.7000000e+01   3.7000000e+01   3.8000000e+01   4.2000000e+01   4.1000000e+01   3.5000000e+01   5.2000000e+01
   6.9302987e+01   3.6000000e+01   3.7000000e+01   3.8000000e+01   4.1000000e+01   4.0000000e+01   3.4000000e+01   5.2000000e+01
   6.9416785e+01   3.5000000e+01   3.7000000e+01   3.8000000e+01   4.1000000e+01   3.9000000e+01   3.3000000e+01   5.1000000e+01
   6.9530583e+01   3.5000000e+01   3.7000000e+01   3.9000000e+01   4.1000000e+01   3.8000000e+01   3.2000000e+01   5.0000000e+01
   6.9644381e+01   3.5000000e+01   3.6000000e+01   3.9000000e+01   4.1000000e+01   3.7000000e+01   3.1000000e+01   4.9000000e+01
   6.9758179e+01   3.4000000e+01   3.6000000e+01   3.9000000e+01   4.0000000e+01   3.6000000e+01   3.1000000e+01   4.8000000e+01
   6.9871977e+01   3.3000000e+01   3.6000000e+01   4.0000000e+01   4.0000000e+01   3.5000000e+01   3.0000000e+01   4.8000000e+01
   6.9985775e+01   3.3000000e+01   3.5000000e+01   4.0000000e+01   4.0000000e+01   3.5000000e+01   3.0000000e+01   4.7000000e+01
   7.0099573e+01   3.3000000e+01   3.5000000e+01   4.0000000e+01   4.0000000e+01   3.5000000e+01   2.9000000e+01   4.6000000e+01
   7.0213371e+01   3.2000000e+01   3.5000000e+01   4.0000000e+01   4.0000000e+01   3.4000000e+01   2.9000000e+01   4.6000000e+01
   7.0327169e+01   3.2000000e+01   3.4000000e+01   4.0000000e+01   4.0000000e+01   3.4000000e+01   2.8000000e+01   4.5000000e+01
   7.0440967e+01   3.2000000e+01   3.4000000e+01   4.0000000e+01   4.0000000e+01   3.4000000e+01   2.7000000e+01   4.4000000e+01
   7.0554765e+01   3.1000000e+01   3.3000000e+01   4.0000000e+01   4.0000000e+01   3.4000000e+01   2.7000000e+01   4.4000000e+01
   7.0668563e+01   3.1000000e+01   3.3000000e+01   3.9000000e+01   4.0000000e+01   3.3000000e+01   2.6000000e+01   4.3000000e+01
   7.0782361e+01   3.1000000e+01   3.2000000e+01   3.9000000e+01   4.0000000e+01   3.3000000e+01   2.6000000e+01   4.2000000e+01
   7.0896159e+01   3.0000000e+01   3.1000000e+01   3.8000000e+01   4.0000000e+01   3.3000000e+01   2.6000000e+01   4.2000000e+01
   7.1009957e+01   3.0000000e+01   3.0000000e+01   3.8000000e+01   4.0000000e+01   3.3000000e+01   2.5000000e+01   4.1000000e+01
   7.1123755e+01   3.0000000e+01   3.0000000e+01   3.8000000e+01   4.0000000e+01   3.3000000e+01   2.5000000e+01   4.0000000e+01
   7.1237553e+01   2.9000000e+01   2.9000000e+01   3.7000000e+01   4.0000000e+01   3.3000000e+01   2.5000000e+01   4.0000000e+01
   7.1351351e+01   2.9000000e+01   2.8000000e+01   3.7000000e+01   4.0000000e+01   3.3000000e+01   2.4000000e+01   3.9000000e+01
   7.1465149e+01   2.8000000e+01   2.7000000e+01   3.7000000e+01   4.0000000e+01   3.3000000e+01   2.4000000e+01   3.8000000e+01
   7.1578947e+01   2.7000000e+01   2.6000000e+01   3.7000000e+01   4.1000000e+01   3.3000000e+01   2.4000000e+01   3.8000000e+01
   7.1692745e+01   2.6000000e+01   2.6000000e+01   3.7000000e+01   4.1000000e+01   3.3000000e+01   2.4000000e+01   3.7000000e+01
   7.1806543e+01   2.5000000e+01   2.5000000e+01   3.6000000e+01   4.1000000e+01   3.3000000e+01   2.4000000e+01   3.7000000e+01
   7.1920341e+01   2.4000000e+01   2.4000000e+01   3.6000000e+01   4.1000000e+01   3.3000000e+01   2.4000000e+01   3.6000000e+01
   7.2034139e+01   2.4000000e+01   2.3000000e+01   3.6000000e+01   4.1000000e+01   3.3000000e+01   2.4000000e+01   3.6000000e+01
   7.2147937e+01   2.3000000e+01   2.2000000e+01   3.6000000e+01   4.2000000e+01   3.3000000e+01   2.4000000e+01   3.5000000e+01
   7.2261735e+01   2.2000000e+01   2.2000000e+01   3.6000000e+01   4.2000000e+01   3.3000000e+01   2.4000000e+01   3.5000000e+01
   7.2375533e+01   2.2000000e+01   2.1000000e+01   3.5000000e+01   4.2000000e+01   3.3000000e+01   2.4000000e+01   3.5000000e+01
   7.2489331e+01   2.1000000e+01   2.0000000e+01   3.5000000e+01   4.2000000e+01   3.3000000e+01   2.4000000e+01   3.4000000e+01
   7.2603129e+01   2.0000000e+01   1.8000000e+01   3.5000000e+01   4.2000000e+01   3.3000000e+01   2.4000000e+01   3.4000000e+01
   7.2716927e+01   1.9000000e+01   1.7000000e+01   3.5000000e+01   4.3000000e+01   3.3000000e+01   2.4000000e+01   3.4000000e+01
   7.2830725e+01   1.8000000e+01   1.6000000e+01   3.5000000e+01   4.3000000e+01   3.3000000e+01   2.4000000e+01   3.3000000e+01
   7.2944523e+01   1.8000000e+01   1.6000000e+01   3.4000000e+01   4.3000000e+01   3.4000000e+01   2.4000000e+01   3.3000000e+01
   7.3058321e+01   1.7000000e+01   1.5000000e+01   3.4000000e+01   4.3000000e+01   3.4000000e+01   2.5000000e+01   3.3000000e+01
   7.3172119e+01   1.6000000e+01   1.4000000e+01   3.4000000e+01   4.3000000e+01   3.4000000e+01   2.5000000e+01   3.3000000e+01
   7.3285917e+01   1.5000000e+01   1.3000000e+01   3.4000000e+01   4.3000000e+01   3.4000000e+01   2.5000000e+01   3.3000000e+01
   7.3399716e+01   1.4000000e+01   1.2000000e+01   3.4000000e+01   4.3000000e+01   3.5000000e+01   2.5000000e+01   3.3000000e+01
   7.3513514e+01   1.4000000e+01   1.2000000e+01   3.3000000e+01   4.3000000e+01   3.5000000e+01   2.6000000e+01   3.3000000e+01
   7.3627312e+01   1.3000000e+01   1.1000000e+01   3.3000000e+01   4.3000000e+01   3.5000000e+01   2.6000000e+01   3.3000000e+01
   7.3741110e+01   1.2000000e+01   1.0000000e+01   3.3000000e+01   4.4000000e+01   3.5000000e+01   2.6000000e+01   3.3000000e+01
   7.3854908e+01   1.2000000e+01   9.0000000e+00   3.3000000e+01   4.4000000e+01   3.5000000e+01   2.6000000e+01   3.3000000e+01
   7.3968706e+01   1.1000000e+01   8.0000000e+00   3.3000000e+01   4.4000000e+01   3.5000000e+01   2.6000000e+01   3.3000000e+01
   7.4082504e+01   1.0000000e+01   8.0000000e+00   3.2000000e+01   4.4000000e+01   3.5000000e+01   2.6000000e+01   3.3000000e+01
   7.4196302e+01   1.0000000e+01   8.0000000e+00   3.2000000e+01   4.3000000e+01   3.5000000e+01   2.6000000e+01   3.3000000e+01
   7.4310100e+01   9.0000000e+00   7.0000000e+00   3.2000000e+01   4.3000000e+01   3.5000000e+01   2.6000000e+01   3.3000000e+01
   7.4423898e+01   9.0000000e+00   7.0000000e+00   3.2000000e+01   4.3000000e+01   3.6000000e+01   2.6000000e+01   3.4000000e+01
   7.4537696e+01   9.0000000e+00   7.0000000e+00   3.1000000e+01   4.3000000e+01   3.6000000e+01   2.7000000e+01   3.4000000e+01
   7.4651494e+01   9.0000000e+00   6.0000000e+00   3.1000000e+01   4.3000000e+01   3.7000000e+01   2.7000000e+01   3.4000000e+01
   7.4765292e+01   9.0000000e+00   6.0000000e+00   3.1000000e+01   4.3000000e+01   3.7000000e+01   2.7000000e+01   3.4000000e+01
   7.4879090e+01   9.0000000e+00   6.0000000e+00   3.0000000e+01   4.3000000e+01   3.7000000e+01   2.7000000e+01   3.4000000e+01
   7.4992888e+01   9.0000000e+00   6.0000000e+00   3.0000000e+01   4.3000000e+01   3.7000000e+01   2.6000000e+01   3.5000000e+01
   7.5106686e+01   9.0000000e+00   6.0000000e+00   3.0000000e+01   4.3000000e+01   3.7000000e+01   2.5000000e+01   3.5000000e+01
   7.5220484e+01   9.0000000e+00   6.0000000e+00   2.9000000e+01   4.3000000e+01   3.6000000e+01   2.5000000e+01   3.5000000e+01
   7.5334282e+01   9.0000000e+00   6.0000000e+00   2.8000000e+01   4.2000000e+01   3.6000000e+01   2.5000000e+01   3.6000000e+01
   7.5448080e+01   9.0000000e+00   6.0000000e+00   2.8000000e+01   4.2000000e+01   3.5000000e+01   2.4000000e+01   3.6000000e+01
   7.5561878e+01   1.0000000e+01   6.0000000e+00   2.7000000e+01   4.1000000e+01   3.5000000e+01   2.4000000e+01   3.5000000e+01
   7.5675676e+01   1.0000000e+01   6.0000000e+00   2.7000000e+01   4.1000000e+01   3.5000000e+01   2.4000000e+01   3.5000000e+01
   7.5789474e+01   1.0000000e+01   6.0000000e+00   2.6000000e+01   4.1000000e+01   3.5000000e+01   2.4000000e+01   3.5000000e+01
   7.5903272e+01   1.1000000e+01   6.0000000e+00   2.6000000e+01   4.1000000e+01   3.5000000e+01   2.4000000e+01   3.5000000e+01
   7.6017070e+01   1.1000000e+01   6.0000000e+00   2.5000000e+01   4.1000000e+01   3.5000000e+01   2.4000000e+01   3.6000000e+01
   7.6130868e+01   1.1000000e+01   6.0000000e+00   2.4000000e+01   4.0000000e+01   3.6000000e+01   2.4000000e+01   3.6000000e+01
   7.6244666e+01   1.1000000e+01   7.0000000e+00   2.4000000e+01   4.0000000e+01   3.6000000e+01   2.5000000e+01   3.7000000e+01
   7.6358464e+01   1.1000000e+01   7.0000000e+00   2.3000000e+01   3.9000000e+01   3.6000000e+01   2.5000000e+01   3.7000000e+01
   7.6472262e+01   1.1000000e+01   7.0000000e+00   2.2000000e+01   3.9000000e+01   3.6000000e+01   2.5000000e+01   3.8000000e+01
   7.6586060e+01   1.1000000e+01   8.0000000e+00   2.2000000e+01   3.8000000e+01   3.6000000e+01   2.6000000e+01   3.8000000e+01
   7.6699858e+01   1.1000000e+01   8.0000000e+00   2.1000000e+01   3.8000000e+01   3.6000000e+01   2.6000000e+01   3.8000000e+01
   7.6813656e+01   1.1000000e+01   9.0000000e+00   2.1000000e+01   3.7000000e+01   3.6000000e+01   2.6000000e+01   3.8000000e+01
   7.6927454e+01   1.2000000e+01   1.0000000e+01   2.0000000e+01   3.7000000e+01   3.6000000e+01   2.6000000e+01   3.8000000e+01
   7.7041252e+01   1.2000000e+01   1.0000000e+01   2.0000000e+01   3.6000000e+01   3.6000000e+01   2.6000000e+01   3.8000000e+01
   7.7155050e+01   1.2000000e+01   1.1000000e+01   1.9000000e+01   3.6000000e+01   3.5000000e+01   2.6000000e+01   3.8000000e+01
   7.7268848e+01   1.2000000e+01   1.2000000e+01   1.9000000e+01   3.5000000e+01   3.4000000e+01   2.6000000e+01   3.8000000e+01
   7.7382646e+01   1.2000000e+01   1.2000000e+01   1.8000000e+01   3.5000000e+01   3.4000000e+01   2.6000000e+01   3.8000000e+01
   7.7496444e+01   1.2000000e+01   1.3000000e+01   1.8000000e+01   3.4000000e+01   3.4000000e+01   2.6000000e+01   3.8000000e+01
   7.7610242e+01   1.3000000e+01   1.3000000e+01   1.7000000e+01   3.3000000e+01   3.3000000e+01   2.6000000e+01   3.9000000e+01
   7.7724040e+01   1.3000000e+01   1.4000000e+01   1.7000000e+01   3.3000000e+01   3.3000000e+01   2.6000000e+01   3.9000000e+01
   7.7837838e+01   1.3000000e+01   1.4000000e+01   1.7000000e+01   3.2000000e+01   3.3000000e+01   2.6000000e+01   3.9000000e+01
   7.7951636e+01   1.3000000e+01   1.4000000e+01   1.7000000e+01   3.2000000e+01   3.2000000e+01   2.6000000e+01   3.9000000e+01
   7.8065434e+01   1.3000000e+01   1.4000000e+01   1.7000000e+01   3.1000000e+01   3.2000000e+01   2.6000000e+01   3.9000000e+01
   7.8179232e+01   1.3000000e+01   1.4000000e+01   1.6000000e+01   3.0000000e+01   3.2000000e+01   2.6000000e+01   3.9000000e+01
   7.8293030e+01   1.2000000e+01   1.4000000e+01   1.6000000e+01   3.0000000e+01   3.1000000e+01   2.6000000e+01   3.9000000e+01
   7.8406828e+01   1.2000000e+01   1.4000000e+01   1.6000000e+01   2.9000000e+01   3.0000000e+01   2.6000000e+01   3.9000000e+01
   7.8520626e+01   1.1000000e+01   1.4000000e+01   1.6000000e+01   2.9000000e+01   2.9000000e+01   2.6000000e+01   3.9000000e+01
   7.8634424e+01   1.0000000e+01   1.3000000e+01   1.6000000e+01   2.8000000e+01   2.8000000e+01   2.5000000e+01   3.9000000e+01
   7.8748222e+01   9.0000000e+00   1.3000000e+01   1.6000000e+01   2.8000000e+01   2.8000000e+01   2.5000000e+01   4.0000000e+01
   7.8862020e+01   8.0000000e+00   1.2000000e+01   1.6000000e+01   2.7000000e+01   2.7000000e+01   2.5000000e+01   4.0000000e+01
   7.8975818e+01   8.0000000e+00   1.2000000e+01   1.6000000e+01   2.6000000e+01   2.7000000e+01   2.4000000e+01   4.0000000e+01
   7.9089616e+01   7.0000000e+00   1.2000000e+01   1.6000000e+01   2.6000000e+01   2.7000000e+01   2.4000000e+01   3.9000000e+01
   7.9203414e+01   7.0000000e+00   1.1000000e+01   1.6000000e+01   2.5000000e+01   2.6000000e+01   2.3000000e+01   3.9000000e+01
   7.9317212e+01   6.0000000e+00   1.1000000e+01   1.7000000e+01   2.4000000e+01   2.5000000e+01   2.3000000e+01   3.9000000e+01
   7.9431010e+01   6.0000000e+00   1.1000000e+01   1.7000000e+01   2.4000000e+01   2.5000000e+01   2.2000000e+01   3.9000000e+01
   7.9544808e+01   6.0000000e+00   1.1000000e+01   1.7000000e+01   2.3000000e+01   2.4000000e+01   2.2000000e+01   3.8000000e+01
   7.9658606e+01   6.0000000e+00   1.1000000e+01   1.7000000e+01   2.3000000e+01   2.4000000e+01   2.2000000e+01   3.8000000e+01
   7.9772404e+01   6.0000000e+00   1.1000000e+01   1.7000000e+01   2.3000000e+01   2.4000000e+01   2.2000000e+01   3.8000000e+01
   7.9886202e+01   6.0000000e+00   1.1000000e+01   1.8000000e+01   2.3000000e+01   2.4000000e+01   2.2000000e+01   3.8000000e+01
   8.0000000e+01   6.0000000e+00   1.1000000e+01   1.9000000e+01   2.3000000e+01   2.4000000e+01   2.2000000e+01   3.8000000e+01
